  0.000000E+00  0.000000E+00  0.000000E+00  0.000000E+00  0.000000E+00  0.000000E+00  0.000000E+00  0.000000E+00
  9.090909E-05  2.419814E-03  5.000000E-02  4.999546E-02  1.660978E-09  1.386452E-07 -4.229853E-04  1.660749E-09
  1.844834E-04  4.910338E-03  1.014659E-01  1.014518E-01  2.709087E-08  1.385769E-06 -1.026624E-03  2.708455E-08
  2.808011E-04  7.473630E-03  1.544406E-01  1.544117E-01  1.521960E-07  5.509383E-06 -1.761735E-03  1.521455E-07
  3.799425E-04  1.011181E-02  2.089684E-01  2.089187E-01  5.335110E-07  1.491697E-05 -2.605434E-03  5.332804E-07
  4.819905E-04  1.282705E-02  2.650948E-01  2.650180E-01  1.434859E-06  3.268939E-05 -3.547847E-03  1.434089E-06
  5.870303E-04  1.562160E-02  3.228667E-01  3.227559E-01  3.257188E-06  6.265075E-05 -4.583955E-03  3.255086E-06
  6.951496E-04  1.849777E-02  3.823323E-01  3.821799E-01  6.572436E-06  1.094579E-04 -5.711177E-03  6.567449E-06
  8.064387E-04  2.145790E-02  4.435413E-01  4.433389E-01  1.216200E-05  1.787054E-04 -6.928356E-03  1.215132E-05
  9.209905E-04  2.450446E-02  5.065448E-01  5.062833E-01  2.106028E-05  2.770456E-04 -8.235237E-03  2.103915E-05
  1.038901E-03  2.763992E-02  5.713953E-01  5.710647E-01  3.460380E-05  4.123224E-04 -9.652496E-03  3.456446E-05
  1.160268E-03  3.086686E-02  6.381472E-01  6.377361E-01  5.449965E-05  5.938103E-04 -1.116300E-02  5.442987E-05
  1.285193E-03  3.418791E-02  7.068560E-01  7.063519E-01  8.288059E-05  8.323142E-04 -1.276954E-02  8.276155E-05
  1.413780E-03  3.760577E-02  7.775791E-01  7.769678E-01  1.223764E-04  1.140362E-03 -1.447485E-02  1.221797E-04
  1.546138E-03  4.112320E-02  8.503757E-01  8.496410E-01  1.761931E-04  1.532417E-03 -1.628185E-02  1.758766E-04
  1.682376E-03  4.474303E-02  9.253065E-01  9.244299E-01  2.481999E-04  2.025105E-03 -1.819367E-02  2.477015E-04
  1.822608E-03  4.846815E-02  1.002434E+00  1.001394E+00  3.430250E-04  2.637466E-03 -2.021369E-02  3.422543E-04
  1.966951E-03  5.230151E-02  1.081823E+00  1.080595E+00  4.661599E-04  3.391231E-03 -2.234554E-02  4.649860E-04
  2.115526E-03  5.624611E-02  1.163539E+00  1.162093E+00  6.240725E-04  4.311107E-03 -2.459312E-02  6.223070E-04
  2.268456E-03  6.030500E-02  1.247651E+00  1.245954E+00  8.243293E-04  5.425103E-03 -2.696057E-02  8.217021E-04
  2.425871E-03  6.448128E-02  1.334229E+00  1.332239E+00  1.075725E-03  6.764860E-03 -2.945229E-02  1.071851E-03
  2.587900E-03  6.877809E-02  1.423345E+00  1.421015E+00  1.388421E-03  8.366010E-03 -3.207290E-02  1.382754E-03
  2.754680E-03  7.319857E-02  1.515074E+00  1.512346E+00  1.774092E-03  1.026855E-02 -3.482724E-02  1.765859E-03
  2.926349E-03  7.774591E-02  1.609492E+00  1.606298E+00  2.246072E-03  1.251725E-02 -3.772035E-02  2.234188E-03
  3.103051E-03  8.242327E-02  1.706678E+00  1.702936E+00  2.819515E-03  1.516203E-02 -4.075746E-02  2.802460E-03
  3.284933E-03  8.723382E-02  1.806713E+00  1.802326E+00  3.511548E-03  1.825836E-02 -4.394394E-02  3.487208E-03
  3.472148E-03  9.218068E-02  1.909681E+00  1.904533E+00  4.341426E-03  2.186772E-02 -4.728527E-02  4.306877E-03
  3.664852E-03  9.726691E-02  2.015668E+00  2.009619E+00  5.330679E-03  2.605792E-02 -5.078695E-02  5.281904E-03
  3.863205E-03  1.024955E-01  2.124763E+00  2.117646E+00  6.503260E-03  3.090352E-02 -5.445452E-02  6.434768E-03
  4.067373E-03  1.078693E-01  2.237055E+00  2.228674E+00  7.885660E-03  3.648614E-02 -5.829335E-02  7.790003E-03
  4.277527E-03  1.133911E-01  2.352640E+00  2.342759E+00  9.507017E-03  4.289477E-02 -6.230871E-02  9.374155E-03
  4.493842E-03  1.190634E-01  2.471613E+00  2.459954E+00  1.139918E-02  5.022581E-02 -6.650534E-02  1.121568E-02
  4.716499E-03  1.248886E-01  2.594074E+00  2.580307E+00  1.359677E-02  5.858343E-02 -7.088779E-02  1.334478E-02
  4.945683E-03  1.308687E-01  2.720126E+00  2.703861E+00  1.613711E-02  6.807923E-02 -7.545965E-02  1.579308E-02
  5.181587E-03  1.370055E-01  2.849873E+00  2.830652E+00  1.906020E-02  7.883223E-02 -8.022378E-02  1.859331E-02
  5.424406E-03  1.433003E-01  2.983424E+00  2.960709E+00  2.240855E-02  9.096835E-02 -8.518195E-02  2.177874E-02
  5.674345E-03  1.497542E-01  3.120890E+00  3.094052E+00  2.622693E-02  1.046198E-01 -9.033441E-02  2.538258E-02
  5.931611E-03  1.563676E-01  3.262386E+00  3.230690E+00  3.056204E-02  1.199239E-01 -9.567978E-02  2.943713E-02
  6.196420E-03  1.631405E-01  3.408031E+00  3.370624E+00  3.546206E-02  1.370224E-01 -1.012146E-01  3.397285E-02
  6.468992E-03  1.700721E-01  3.557945E+00  3.513838E+00  4.097607E-02  1.560590E-01 -1.069329E-01  3.901724E-02
  6.749555E-03  1.771612E-01  3.712255E+00  3.660305E+00  4.715332E-02  1.771779E-01 -1.128262E-01  4.459355E-02
  7.038343E-03  1.844057E-01  3.871089E+00  3.809982E+00  5.404241E-02  2.005213E-01 -1.188823E-01  5.071940E-02
  7.335598E-03  1.918027E-01  4.034579E+00  3.962809E+00  6.169026E-02  2.262263E-01 -1.250860E-01  5.740527E-02
  7.641568E-03  1.993484E-01  4.202862E+00  4.118711E+00  7.014098E-02  2.544217E-01 -1.314178E-01  6.465298E-02
  7.956508E-03  2.070383E-01  4.376079E+00  4.277590E+00  7.943464E-02  2.852246E-01 -1.378541E-01  7.245414E-02
  8.280681E-03  2.148667E-01  4.554375E+00  4.439333E+00  8.960597E-02  3.187360E-01 -1.443670E-01  8.078880E-02
  8.614358E-03  2.228273E-01  4.737897E+00  4.603805E+00  1.006829E-01  3.550375E-01 -1.509240E-01  8.962427E-02
  8.957818E-03  2.309125E-01  4.926800E+00  4.770852E+00  1.126852E-01  3.941864E-01 -1.574881E-01  9.891422E-02
  9.311347E-03  2.391139E-01  5.121241E+00  4.940301E+00  1.256233E-01  4.362122E-01 -1.640184E-01  1.085983E-01
  9.675240E-03  2.474223E-01  5.321382E+00  5.111959E+00  1.394969E-01  4.811132E-01 -1.704698E-01  1.186022E-01
  1.004980E-02  2.558274E-01  5.527391E+00  5.285616E+00  1.542940E-01  5.288532E-01 -1.767944E-01  1.288386E-01
  1.043535E-02  2.643183E-01  5.739440E+00  5.461046E+00  1.699907E-01  5.793595E-01 -1.829417E-01  1.392083E-01
  1.083219E-02  2.728834E-01  5.957706E+00  5.638008E+00  1.865501E-01  6.325219E-01 -1.888600E-01  1.496024E-01
  1.124067E-02  2.815105E-01  6.182370E+00  5.816250E+00  2.039229E-01  6.881925E-01 -1.944972E-01  1.599049E-01
  1.166113E-02  2.901868E-01  6.413621E+00  5.995511E+00  2.220478E-01  7.461873E-01 -1.998024E-01  1.699964E-01
  1.209391E-02  2.988996E-01  6.651652E+00  6.175525E+00  2.408522E-01  8.062883E-01 -2.047271E-01  1.797566E-01
  1.253938E-02  3.076357E-01  6.896661E+00  6.356021E+00  2.602538E-01  8.682477E-01 -2.092264E-01  1.890692E-01
  1.299791E-02  3.163823E-01  7.148853E+00  6.536732E+00  2.801621E-01  9.317927E-01 -2.132603E-01  1.978245E-01
  1.346989E-02  3.251263E-01  7.408439E+00  6.717391E+00  3.004804E-01  9.966309E-01 -2.167946E-01  2.059234E-01
  1.395570E-02  3.338554E-01  7.675635E+00  6.897743E+00  3.211078E-01  1.062457E+00 -2.198020E-01  2.132799E-01
  1.445575E-02  3.425576E-01  7.950664E+00  7.077538E+00  3.419416E-01  1.128958E+00 -2.222623E-01  2.198236E-01
  1.497047E-02  3.512216E-01  8.233757E+00  7.256542E+00  3.628792E-01  1.195822E+00 -2.241631E-01  2.255009E-01
  1.550027E-02  3.598366E-01  8.525150E+00  7.434535E+00  3.838204E-01  1.262743E+00 -2.254999E-01  2.302759E-01
  1.604561E-02  3.683928E-01  8.825085E+00  7.611314E+00  4.046690E-01  1.329423E+00 -2.262751E-01  2.341302E-01
  1.660693E-02  3.768812E-01  9.133813E+00  7.786691E+00  4.253346E-01  1.395586E+00 -2.264992E-01  2.370627E-01
  1.718471E-02  3.852937E-01  9.451593E+00  7.960501E+00  4.457332E-01  1.460968E+00 -2.261873E-01  2.390871E-01
  1.777943E-02  3.936232E-01  9.778689E+00  8.132597E+00  4.657896E-01  1.525340E+00 -2.253628E-01  2.402319E-01
  1.839159E-02  4.018635E-01  1.011537E+01  8.302848E+00  4.854359E-01  1.588482E+00 -2.240504E-01  2.405364E-01
  1.902169E-02  4.100093E-01  1.046193E+01  8.471147E+00  5.046141E-01  1.650216E+00 -2.222826E-01  2.400503E-01
  1.967027E-02  4.180562E-01  1.081865E+01  8.637403E+00  5.232741E-01  1.710378E+00 -2.200909E-01  2.388298E-01
  2.033786E-02  4.260006E-01  1.118582E+01  8.801542E+00  5.413754E-01  1.768838E+00 -2.175121E-01  2.369371E-01
  2.102502E-02  4.338399E-01  1.156376E+01  8.963508E+00  5.588848E-01  1.825487E+00 -2.145820E-01  2.344365E-01
  2.173233E-02  4.415720E-01  1.195278E+01  9.123259E+00  5.757781E-01  1.880242E+00 -2.113379E-01  2.313946E-01
  2.246037E-02  4.491956E-01  1.235321E+01  9.280770E+00  5.920372E-01  1.933040E+00 -2.078166E-01  2.278770E-01
  2.320976E-02  4.567101E-01  1.276537E+01  9.436027E+00  6.076513E-01  1.983840E+00 -2.040541E-01  2.239482E-01
  2.398112E-02  4.641155E-01  1.318962E+01  9.589027E+00  6.226152E-01  2.032619E+00 -2.000852E-01  2.196698E-01
  2.477509E-02  4.714120E-01  1.362630E+01  9.739780E+00  6.369287E-01  2.079368E+00 -1.959432E-01  2.151003E-01
  2.559235E-02  4.786005E-01  1.407579E+01  9.888301E+00  6.505963E-01  2.124094E+00 -1.916594E-01  2.102940E-01
  2.643356E-02  4.856823E-01  1.453846E+01  1.003462E+01  6.636261E-01  2.166815E+00 -1.872631E-01  2.053013E-01
  2.729943E-02  4.926589E-01  1.501469E+01  1.017876E+01  6.760292E-01  2.207560E+00 -1.827815E-01  2.001679E-01
  2.819068E-02  4.995322E-01  1.550488E+01  1.032077E+01  6.878195E-01  2.246365E+00 -1.782394E-01  1.949348E-01
  2.910807E-02  5.063042E-01  1.600944E+01  1.046068E+01  6.990128E-01  2.283275E+00 -1.736596E-01  1.896391E-01
  3.005235E-02  5.129772E-01  1.652879E+01  1.059855E+01  7.096264E-01  2.318337E+00 -1.690624E-01  1.843131E-01
  3.102432E-02  5.195535E-01  1.706338E+01  1.073443E+01  7.196788E-01  2.351604E+00 -1.644663E-01  1.789853E-01
  3.202478E-02  5.260357E-01  1.761363E+01  1.086835E+01  7.291890E-01  2.383133E+00 -1.598874E-01  1.736803E-01
  3.305457E-02  5.324264E-01  1.818002E+01  1.100039E+01  7.381769E-01  2.412980E+00 -1.553402E-01  1.684194E-01
  3.411456E-02  5.387281E-01  1.876301E+01  1.113059E+01  7.466621E-01  2.441204E+00 -1.508371E-01  1.632203E-01
  3.520562E-02  5.449437E-01  1.936309E+01  1.125901E+01  7.546645E-01  2.467864E+00 -1.463891E-01  1.580982E-01
  3.632866E-02  5.510758E-01  1.998076E+01  1.138570E+01  7.622036E-01  2.493018E+00 -1.420053E-01  1.530653E-01
  3.748463E-02  5.571271E-01  2.061655E+01  1.151073E+01  7.692985E-01  2.516726E+00 -1.376937E-01  1.481319E-01
  3.867449E-02  5.631003E-01  2.127097E+01  1.163414E+01  7.759678E-01  2.539043E+00 -1.334609E-01  1.433059E-01
  3.989924E-02  5.689979E-01  2.194458E+01  1.175599E+01  7.822297E-01  2.560024E+00 -1.293122E-01  1.385934E-01
  4.115989E-02  5.748227E-01  2.263794E+01  1.187633E+01  7.881015E-01  2.579724E+00 -1.252521E-01  1.339992E-01
  4.245750E-02  5.805771E-01  2.335162E+01  1.199523E+01  7.935999E-01  2.598193E+00 -1.212838E-01  1.295265E-01
  4.379315E-02  5.862637E-01  2.408623E+01  1.211272E+01  7.987408E-01  2.615482E+00 -1.174101E-01  1.251775E-01
  4.516796E-02  5.918849E-01  2.484238E+01  1.222886E+01  8.035394E-01  2.631638E+00 -1.136327E-01  1.209532E-01
  4.658308E-02  5.974431E-01  2.562069E+01  1.234369E+01  8.080100E-01  2.646707E+00 -1.099529E-01  1.168539E-01
  4.803968E-02  6.029405E-01  2.642182E+01  1.245727E+01  8.121662E-01  2.660730E+00 -1.063712E-01  1.128791E-01
  4.953899E-02  6.083795E-01  2.724644E+01  1.256965E+01  8.160210E-01  2.673750E+00 -1.028878E-01  1.090278E-01
  5.108225E-02  6.137621E-01  2.809524E+01  1.268086E+01  8.195864E-01  2.685805E+00 -9.950250E-02  1.052985E-01
  5.267076E-02  6.190905E-01  2.896892E+01  1.279095E+01  8.228738E-01  2.696930E+00 -9.621449E-02  1.016893E-01
  5.430584E-02  6.243668E-01  2.986821E+01  1.289996E+01  8.258938E-01  2.707161E+00 -9.302286E-02  9.819785E-02
  5.598885E-02  6.295927E-01  3.079387E+01  1.300793E+01  8.286564E-01  2.716530E+00 -8.992637E-02  9.482169E-02
  5.772121E-02  6.347704E-01  3.174667E+01  1.311491E+01  8.311709E-01  2.725067E+00 -8.692354E-02  9.155812E-02
  5.950436E-02  6.399015E-01  3.272740E+01  1.322092E+01  8.334460E-01  2.732800E+00 -8.401275E-02  8.840429E-02
  6.133978E-02  6.449880E-01  3.373688E+01  1.332601E+01  8.354898E-01  2.739756E+00 -8.119220E-02  8.535723E-02
  6.322901E-02  6.500313E-01  3.477595E+01  1.343021E+01  8.373097E-01  2.745959E+00 -7.845997E-02  8.241393E-02
  6.517363E-02  6.550333E-01  3.584550E+01  1.353356E+01  8.389128E-01  2.751433E+00 -7.581407E-02  7.957132E-02
  6.717526E-02  6.599954E-01  3.694639E+01  1.363608E+01  8.403053E-01  2.756197E+00 -7.325240E-02  7.682630E-02
  6.923557E-02  6.649193E-01  3.807956E+01  1.373781E+01  8.414933E-01  2.760273E+00 -7.077285E-02  7.417580E-02
  7.135629E-02  6.698063E-01  3.924596E+01  1.383878E+01  8.424822E-01  2.763679E+00 -6.837324E-02  7.161677E-02
  7.353918E-02  6.746580E-01  4.044655E+01  1.393902E+01  8.432770E-01  2.766430E+00 -6.605141E-02  6.914616E-02
  7.578606E-02  6.794756E-01  4.168233E+01  1.403855E+01  8.438822E-01  2.768543E+00 -6.380515E-02  6.676101E-02
  7.809882E-02  6.842605E-01  4.295435E+01  1.413742E+01  8.443020E-01  2.770031E+00 -6.163229E-02  6.445839E-02
  8.047939E-02  6.890140E-01  4.426366E+01  1.423563E+01  8.445401E-01  2.770907E+00 -5.953065E-02  6.223542E-02
  8.292974E-02  6.937373E-01  4.561136E+01  1.433321E+01  8.446000E-01  2.771183E+00 -5.749809E-02  6.008929E-02
  8.545193E-02  6.984316E-01  4.699856E+01  1.443020E+01  8.444846E-01  2.770868E+00 -5.553248E-02  5.801727E-02
  8.804807E-02  7.030980E-01  4.842644E+01  1.452661E+01  8.441967E-01  2.769974E+00 -5.363164E-02  5.601669E-02
  9.072032E-02  7.077377E-01  4.989618E+01  1.462247E+01  8.437388E-01  2.768507E+00 -5.179347E-02  5.408494E-02
  9.347091E-02  7.123516E-01  5.140900E+01  1.471780E+01  8.431128E-01  2.766475E+00 -5.001586E-02  5.221951E-02
  9.630215E-02  7.169408E-01  5.296618E+01  1.481262E+01  8.423207E-01  2.763885E+00 -4.829682E-02  5.041795E-02
  9.921639E-02  7.215064E-01  5.456901E+01  1.490695E+01  8.413639E-01  2.760741E+00 -4.663436E-02  4.867789E-02
  1.022161E-01  7.260491E-01  5.621883E+01  1.500080E+01  8.402437E-01  2.757049E+00 -4.502657E-02  4.699706E-02
  1.053037E-01  7.305700E-01  5.791702E+01  1.509421E+01  8.389609E-01  2.752811E+00 -4.347159E-02  4.537323E-02
  1.084818E-01  7.350699E-01  5.966500E+01  1.518718E+01  8.375165E-01  2.748031E+00 -4.196761E-02  4.380429E-02
  1.117531E-01  7.395497E-01  6.146422E+01  1.527974E+01  8.359107E-01  2.742711E+00 -4.051287E-02  4.228816E-02
  1.151204E-01  7.440101E-01  6.331619E+01  1.537189E+01  8.341439E-01  2.736851E+00 -3.910569E-02  4.082288E-02
  1.185863E-01  7.484519E-01  6.522246E+01  1.546367E+01  8.322161E-01  2.730453E+00 -3.774440E-02  3.940654E-02
  1.221538E-01  7.528759E-01  6.718461E+01  1.555507E+01  8.301269E-01  2.723515E+00 -3.642744E-02  3.803731E-02
  1.258260E-01  7.572827E-01  6.920429E+01  1.564612E+01  8.278759E-01  2.716037E+00 -3.515324E-02  3.671341E-02
  1.296058E-01  7.616731E-01  7.128318E+01  1.573683E+01  8.254625E-01  2.708017E+00 -3.392033E-02  3.543315E-02
  1.334964E-01  7.660476E-01  7.342302E+01  1.582721E+01  8.228857E-01  2.699453E+00 -3.272726E-02  3.419490E-02
  1.375011E-01  7.704069E-01  7.562559E+01  1.591727E+01  8.201445E-01  2.690342E+00 -3.157265E-02  3.299708E-02
  1.416232E-01  7.747515E-01  7.789273E+01  1.600704E+01  8.172375E-01  2.680679E+00 -3.045516E-02  3.183819E-02
  1.458661E-01  7.790821E-01  8.022635E+01  1.609651E+01  8.141633E-01  2.670461E+00 -2.937348E-02  3.071678E-02
  1.502334E-01  7.833991E-01  8.262837E+01  1.618570E+01  8.109202E-01  2.659683E+00 -2.832637E-02  2.963144E-02
  1.547288E-01  7.877031E-01  8.510082E+01  1.627463E+01  8.075062E-01  2.648339E+00 -2.731263E-02  2.858084E-02
  1.593559E-01  7.919944E-01  8.764576E+01  1.636329E+01  8.039193E-01  2.636423E+00 -2.633109E-02  2.756369E-02
  1.641187E-01  7.962735E-01  9.026530E+01  1.645170E+01  8.001572E-01  2.623928E+00 -2.538063E-02  2.657874E-02
  1.690212E-01  8.005408E-01  9.296165E+01  1.653987E+01  7.962174E-01  2.610847E+00 -2.446016E-02  2.562480E-02
  1.740673E-01  8.047968E-01  9.573704E+01  1.662780E+01  7.920973E-01  2.597173E+00 -2.356866E-02  2.470073E-02
  1.792615E-01  8.090416E-01  9.859380E+01  1.671550E+01  7.877941E-01  2.582896E+00 -2.270510E-02  2.380543E-02
  1.846078E-01  8.132757E-01  1.015343E+02  1.680298E+01  7.833046E-01  2.568009E+00 -2.186853E-02  2.293784E-02
  1.901110E-01  8.174992E-01  1.045610E+02  1.689024E+01  7.786257E-01  2.552502E+00 -2.105801E-02  2.209693E-02
  1.957754E-01  8.217124E-01  1.076765E+02  1.697729E+01  7.737540E-01  2.536364E+00 -2.027265E-02  2.128174E-02
  2.016060E-01  8.259156E-01  1.108833E+02  1.706413E+01  7.686859E-01  2.519586E+00 -1.951158E-02  2.049131E-02
  2.076075E-01  8.301089E-01  1.141841E+02  1.715077E+01  7.634175E-01  2.502157E+00 -1.877396E-02  1.972474E-02
  2.137849E-01  8.342923E-01  1.175817E+02  1.723720E+01  7.579450E-01  2.484066E+00 -1.805901E-02  1.898116E-02
  2.201434E-01  8.384660E-01  1.210789E+02  1.732343E+01  7.522641E-01  2.465301E+00 -1.736594E-02  1.825974E-02
  2.266883E-01  8.426300E-01  1.246786E+02  1.740947E+01  7.463705E-01  2.445850E+00 -1.669402E-02  1.755967E-02
  2.334252E-01  8.467842E-01  1.283838E+02  1.749530E+01  7.402595E-01  2.425701E+00 -1.604253E-02  1.688018E-02
  2.403595E-01  8.509287E-01  1.321977E+02  1.758092E+01  7.339265E-01  2.404841E+00 -1.541079E-02  1.622051E-02
  2.474971E-01  8.550633E-01  1.361234E+02  1.766635E+01  7.273665E-01  2.383256E+00 -1.479815E-02  1.557996E-02
  2.548440E-01  8.591878E-01  1.401642E+02  1.775156E+01  7.205742E-01  2.360935E+00 -1.420397E-02  1.495785E-02
  2.624063E-01  8.633020E-01  1.443234E+02  1.783657E+01  7.135444E-01  2.337863E+00 -1.362764E-02  1.435350E-02
  2.701902E-01  8.674056E-01  1.486046E+02  1.792135E+01  7.062714E-01  2.314026E+00 -1.306859E-02  1.376628E-02
  2.782024E-01  8.714981E-01  1.530113E+02  1.800591E+01  6.987495E-01  2.289411E+00 -1.252625E-02  1.319559E-02
  2.864495E-01  8.755793E-01  1.575472E+02  1.809023E+01  6.909725E-01  2.264005E+00 -1.200011E-02  1.264083E-02
  2.949384E-01  8.796486E-01  1.622161E+02  1.817430E+01  6.829343E-01  2.237793E+00 -1.148964E-02  1.210146E-02
  3.036761E-01  8.837053E-01  1.670219E+02  1.825812E+01  6.746284E-01  2.210762E+00 -1.099437E-02  1.157692E-02
  3.126700E-01  8.877487E-01  1.719685E+02  1.834166E+01  6.660481E-01  2.182899E+00 -1.051383E-02  1.106671E-02
  3.219276E-01  8.917781E-01  1.770602E+02  1.842491E+01  6.571865E-01  2.154191E+00 -1.004758E-02  1.057033E-02
  3.314566E-01  8.957925E-01  1.823011E+02  1.850785E+01  6.480364E-01  2.124626E+00 -9.595200E-03  1.008732E-02
  3.412649E-01  8.997909E-01  1.876957E+02  1.859046E+01  6.385903E-01  2.094192E+00 -9.156305E-03  9.617211E-03
  3.513608E-01  9.037722E-01  1.932485E+02  1.867272E+01  6.288407E-01  2.062879E+00 -8.730518E-03  9.159591E-03
  3.617527E-01  9.077351E-01  1.989640E+02  1.875459E+01  6.187795E-01  2.030677E+00 -8.317490E-03  8.714052E-03
  3.724493E-01  9.116780E-01  2.048471E+02  1.883606E+01  6.083987E-01  1.997579E+00 -7.916893E-03  8.280209E-03
  3.834594E-01  9.155994E-01  2.109027E+02  1.891708E+01  5.976898E-01  1.963577E+00 -7.528424E-03  7.857702E-03
  3.947924E-01  9.194975E-01  2.171358E+02  1.899761E+01  5.866440E-01  1.928669E+00 -7.151800E-03  7.446190E-03
  4.064576E-01  9.233702E-01  2.235517E+02  1.907763E+01  5.752524E-01  1.892852E+00 -6.786763E-03  7.045360E-03
  4.184648E-01  9.272154E-01  2.301556E+02  1.915707E+01  5.635057E-01  1.856128E+00 -6.433079E-03  6.654919E-03
  4.308240E-01  9.310306E-01  2.369532E+02  1.923590E+01  5.513944E-01  1.818501E+00 -6.090538E-03  6.274603E-03
  4.435455E-01  9.348131E-01  2.439500E+02  1.931405E+01  5.389087E-01  1.779981E+00 -5.758953E-03  5.904174E-03
  4.566400E-01  9.385598E-01  2.511520E+02  1.939146E+01  5.260383E-01  1.740581E+00 -5.438163E-03  5.543423E-03
  4.701184E-01  9.422675E-01  2.585651E+02  1.946806E+01  5.127730E-01  1.700320E+00 -5.128034E-03  5.192178E-03
  4.839920E-01  9.459325E-01  2.661956E+02  1.954379E+01  4.991020E-01  1.659225E+00 -4.828455E-03  4.850301E-03
  4.982723E-01  9.495509E-01  2.740498E+02  1.961854E+01  4.850144E-01  1.617330E+00 -4.539344E-03  4.517699E-03
  5.129713E-01  9.531182E-01  2.821342E+02  1.969225E+01  4.704987E-01  1.574675E+00 -4.260644E-03  4.194327E-03
  5.281011E-01  9.566296E-01  2.904556E+02  1.976480E+01  4.555433E-01  1.531313E+00 -3.992325E-03  3.880193E-03
  5.436746E-01  9.600800E-01  2.990210E+02  1.983609E+01  4.401362E-01  1.487307E+00 -3.734384E-03  3.575367E-03
  5.597046E-01  9.634638E-01  3.078376E+02  1.990600E+01  4.242648E-01  1.442734E+00 -3.486841E-03  3.279981E-03
  5.762046E-01  9.667748E-01  3.169125E+02  1.997440E+01  4.079160E-01  1.397684E+00 -3.249745E-03  2.994235E-03
  5.931884E-01  9.700066E-01  3.262536E+02  2.004118E+01  3.910759E-01  1.352262E+00 -3.023165E-03  2.718387E-03
  6.106700E-01  9.731523E-01  3.358685E+02  2.010617E+01  3.737296E-01  1.306595E+00 -2.807192E-03  2.452746E-03
  6.286642E-01  9.762045E-01  3.457653E+02  2.016923E+01  3.558612E-01  1.260825E+00 -2.601936E-03  2.197644E-03
  6.471859E-01  9.791553E-01  3.559522E+02  2.023020E+01  3.374532E-01  1.215120E+00 -2.407524E-03  1.953405E-03
  6.662506E-01  9.819964E-01  3.664378E+02  2.028890E+01  3.184863E-01  1.169671E+00 -2.224097E-03  1.720298E-03
  6.858742E-01  9.847183E-01  3.772308E+02  2.034513E+01  2.989401E-01  1.124697E+00 -2.051810E-03  1.498493E-03
  7.060732E-01  9.873103E-01  3.883403E+02  2.039869E+01  2.787928E-01  1.080447E+00 -1.890832E-03  1.288021E-03
  7.268643E-01  9.897596E-01  3.997754E+02  2.044929E+01  2.580235E-01  1.037208E+00 -1.741346E-03  1.088778E-03
  7.482650E-01  9.920498E-01  4.115458E+02  2.049661E+01  2.366146E-01  9.953096E-01 -1.603560E-03  9.005921E-04
  7.702931E-01  9.941598E-01  4.236612E+02  2.054020E+01  2.145567E-01  9.551283E-01 -1.477711E-03  7.234146E-04
  7.929670E-01  9.960620E-01  4.361319E+02  2.057950E+01  1.918564E-01  9.170997E-01 -1.364077E-03  5.576519E-04
  8.163056E-01  9.977201E-01  4.489681E+02  2.061376E+01  1.685466E-01  8.817228E-01 -1.262988E-03  4.046526E-04
  8.403285E-01  9.990889E-01  4.621807E+02  2.064204E+01  1.447000E-01  8.495620E-01 -1.174836E-03  2.672529E-04
  8.650557E-01  1.000117E+00  4.757806E+02  2.066328E+01  1.204427E-01  8.212403E-01 -1.100070E-03  1.501414E-04
  8.905078E-01  1.000754E+00  4.897793E+02  2.067645E+01  9.596223E-02  7.974165E-01 -1.039187E-03  5.959628E-05
  9.167060E-01  1.000971E+00  5.041883E+02  2.068093E+01  7.150019E-02  7.787454E-01 -9.927029E-04  1.947081E-06
  9.436724E-01  1.000793E+00  5.190198E+02  2.067724E+01  4.730810E-02  7.658250E-01 -9.611337E-04 -1.991611E-05
  9.714293E-01  1.000358E+00  5.342861E+02  2.066825E+01  2.353521E-02  7.591547E-01 -9.450077E-04 -1.244144E-05
  1.000000E+00  1.000000E+00  5.500000E+02  2.066087E+01  0.000000E+00  7.591547E-01 -9.450077E-04  0.000000E+00
