  0.000000E+00  0.000000E+00  0.000000E+00  0.000000E+00  0.000000E+00  0.000000E+00  0.000000E+00  0.000000E+00
  9.145130E-05  2.435901E-03  5.000000E-02  4.999543E-02  3.502836E-12  1.187511E-07 -3.622914E-04  3.502516E-12
  1.855803E-04  4.942890E-03  1.014640E-01  1.014499E-01  1.441552E-10  1.186874E-06 -8.793083E-04  1.441285E-10
  2.824655E-04  7.523034E-03  1.544349E-01  1.544058E-01  1.327544E-09  4.718442E-06 -1.508926E-03  1.327169E-09
  3.821875E-04  1.017846E-02  2.089568E-01  2.089069E-01  6.579510E-09  1.277510E-05 -2.231576E-03  6.576996E-09
  4.848294E-04  1.291136E-02  2.650752E-01  2.649981E-01  2.320053E-08  2.799551E-05 -3.038860E-03  2.318928E-08
  5.904767E-04  1.572398E-02  3.228367E-01  3.227255E-01  6.594933E-08  5.365611E-05 -3.926575E-03  6.591039E-08
  6.992174E-04  1.861864E-02  3.822895E-01  3.821367E-01  1.615591E-07  9.374941E-05 -4.892652E-03  1.614461E-07
  8.111421E-04  2.159773E-02  4.434831E-01  4.432806E-01  3.549710E-07  1.530768E-04 -5.936297E-03  3.546829E-07
  9.263440E-04  2.466369E-02  5.064685E-01  5.062076E-01  7.177654E-07  2.373551E-04 -7.057554E-03  7.171000E-07
  1.044919E-03  2.781904E-02  5.712981E-01  5.709694E-01  1.357060E-06  3.533382E-04 -8.271226E-03  1.355640E-06
  1.166966E-03  3.106639E-02  6.380259E-01  6.376193E-01  2.435207E-06  5.090159E-04 -9.564478E-03  2.432359E-06
  1.292587E-03  3.440839E-02  7.067076E-01  7.062119E-01  4.185348E-06  7.137160E-04 -1.093952E-02  4.179920E-06
  1.421885E-03  3.784780E-02  7.774003E-01  7.768037E-01  6.937090E-06  9.782808E-04 -1.239856E-02  6.927178E-06
  1.554970E-03  4.138742E-02  8.501629E-01  8.494525E-01  1.114813E-05  1.315264E-03 -1.394395E-02  1.113067E-05
  1.691951E-03  4.503018E-02  9.250560E-01  9.242178E-01  1.744437E-05  1.739150E-03 -1.557824E-02  1.741456E-05
  1.832944E-03  4.877903E-02  1.002142E+00  1.001161E+00  2.667046E-05  2.266596E-03 -1.730421E-02  2.662086E-05
  1.978064E-03  5.263705E-02  1.081485E+00  1.080344E+00  3.995302E-05  2.916701E-03 -1.912490E-02  3.987240E-05
  2.127434E-03  5.660737E-02  1.163151E+00  1.161833E+00  5.877944E-05  3.711305E-03 -2.104360E-02  5.865093E-05
  2.281178E-03  6.069323E-02  1.247209E+00  1.245693E+00  8.509517E-05  4.675323E-03 -2.306386E-02  8.489381E-05
  2.439423E-03  6.489792E-02  1.333728E+00  1.331992E+00  1.214236E-04  5.837100E-03 -2.518954E-02  1.211126E-04
  2.602301E-03  6.922483E-02  1.422780E+00  1.420799E+00  1.710123E-04  7.228819E-03 -2.742481E-02  1.705381E-04
  2.769949E-03  7.367743E-02  1.514439E+00  1.512186E+00  2.380115E-04  8.886928E-03 -2.977417E-02  2.372955E-04
  2.942506E-03  7.825925E-02  1.608783E+00  1.606225E+00  3.276882E-04  1.085262E-02 -3.224249E-02  3.266166E-04
  3.120115E-03  8.297389E-02  1.705889E+00  1.702990E+00  4.466847E-04  1.317235E-02 -3.483502E-02  4.450914E-04
  3.302924E-03  8.782502E-02  1.805838E+00  1.802557E+00  6.033248E-04  1.589835E-02 -3.755743E-02  6.009680E-04
  3.491087E-03  9.281634E-02  1.908714E+00  1.905001E+00  8.079759E-04  1.908927E-02 -4.041584E-02  8.045023E-04
  3.684759E-03  9.795160E-02  2.014601E+00  2.010399E+00  1.073472E-03  2.281072E-02 -4.341685E-02  1.068364E-03
  3.884101E-03  1.032345E-01  2.123590E+00  2.118828E+00  1.415602E-03  2.713594E-02 -4.656755E-02  1.408099E-03
  4.089280E-03  1.086689E-01  2.235769E+00  2.230366E+00  1.853667E-03  3.214642E-02 -4.987551E-02  1.842650E-03
  4.300468E-03  1.142584E-01  2.351234E+00  2.345087E+00  2.411105E-03  3.793251E-02 -5.334882E-02  2.394923E-03
  4.517838E-03  1.200067E-01  2.470079E+00  2.463067E+00  3.116180E-03  4.459400E-02 -5.699603E-02  3.092391E-03
  4.741574E-03  1.259172E-01  2.592404E+00  2.584377E+00  4.002719E-03  5.224065E-02 -6.082613E-02  3.967718E-03
  4.971860E-03  1.319932E-01  2.718310E+00  2.709083E+00  5.110874E-03  6.099248E-02 -6.484833E-02  5.059342E-03
  5.208890E-03  1.382378E-01  2.847904E+00  2.837250E+00  6.487896E-03  7.098018E-02 -6.907216E-02  6.412008E-03
  5.452860E-03  1.446537E-01  2.981291E+00  2.968932E+00  8.188817E-03  8.234477E-02 -7.350691E-02  8.077107E-03
  5.703973E-03  1.512431E-01  3.118585E+00  3.104175E+00  1.027706E-02  9.523759E-02 -7.816167E-02  1.011282E-02
  5.962439E-03  1.580076E-01  3.259898E+00  3.243013E+00  1.282480E-02  1.098192E-01 -8.304471E-02  1.258386E-02
  6.228473E-03  1.649484E-01  3.405349E+00  3.385468E+00  1.591303E-02  1.262585E-01 -8.816310E-02  1.556069E-02
  6.502296E-03  1.720656E-01  3.555059E+00  3.531544E+00  1.963118E-02  1.447302E-01 -9.352207E-02  1.911815E-02
  6.784138E-03  1.793584E-01  3.709153E+00  3.681225E+00  2.407621E-02  1.654130E-01 -9.912429E-02  2.333321E-02
  7.074231E-03  1.868249E-01  3.867759E+00  3.834471E+00  2.935097E-02  1.884855E-01 -1.049690E-01  2.828186E-02
  7.372819E-03  1.944620E-01  4.031008E+00  3.991218E+00  3.556180E-02  2.141221E-01 -1.110512E-01  3.403497E-02
  7.680149E-03  2.022651E-01  4.199038E+00  4.151372E+00  4.281530E-02  2.424883E-01 -1.173605E-01  4.065332E-02
  7.996479E-03  2.102280E-01  4.371987E+00  4.314806E+00  5.121425E-02  2.737343E-01 -1.238803E-01  4.818181E-02
  8.322070E-03  2.183430E-01  4.550001E+00  4.481362E+00  6.085285E-02  3.079889E-01 -1.305869E-01  5.664336E-02
  8.657195E-03  2.266007E-01  4.733227E+00  4.650846E+00  7.181150E-02  3.453527E-01 -1.374487E-01  6.603292E-02
  9.002133E-03  2.349899E-01  4.921818E+00  4.823030E+00  8.415145E-02  3.858914E-01 -1.444258E-01  7.631244E-02
  9.357170E-03  2.434980E-01  5.115930E+00  4.997652E+00  9.790974E-02  4.296295E-01 -1.514699E-01  8.740727E-02
  9.722603E-03  2.521106E-01  5.315727E+00  5.174422E+00  1.130950E-01  4.765454E-01 -1.585249E-01  9.920495E-02
  1.009874E-02  2.608125E-01  5.521374E+00  5.353022E+00  1.296845E-01  5.265675E-01 -1.655276E-01  1.115568E-01
  1.048588E-02  2.695870E-01  5.733042E+00  5.533114E+00  1.476230E-01  5.795725E-01 -1.724090E-01  1.242825E-01
  1.088436E-02  2.784170E-01  5.950908E+00  5.714345E+00  1.668231E-01  6.353857E-01 -1.790967E-01  1.371774E-01
  1.129451E-02  2.872850E-01  6.175153E+00  5.896356E+00  1.871682E-01  6.937842E-01 -1.855167E-01  1.500223E-01
  1.171667E-02  2.961734E-01  6.405964E+00  6.078785E+00  2.085166E-01  7.545015E-01 -1.915962E-01  1.625943E-01
  1.215119E-02  3.050650E-01  6.643533E+00  6.261280E+00  2.307071E-01  8.172345E-01 -1.972659E-01  1.746780E-01
  1.259844E-02  3.139432E-01  6.888058E+00  6.443500E+00  2.535658E-01  8.816521E-01 -2.024628E-01  1.860756E-01
  1.305878E-02  3.227924E-01  7.139743E+00  6.625125E+00  2.769123E-01  9.474042E-01 -2.071319E-01  1.966157E-01
  1.353259E-02  3.315981E-01  7.398798E+00  6.805857E+00  3.005669E-01  1.014132E+00 -2.112279E-01  2.061590E-01
  1.402029E-02  3.403472E-01  7.665438E+00  6.985425E+00  3.243557E-01  1.081476E+00 -2.147167E-01  2.146015E-01
  1.452226E-02  3.490278E-01  7.939885E+00  7.163591E+00  3.481153E-01  1.149085E+00 -2.175755E-01  2.218756E-01
  1.503893E-02  3.576298E-01  8.222368E+00  7.340141E+00  3.716973E-01  1.216625E+00 -2.197931E-01  2.279485E-01
  1.557072E-02  3.661444E-01  8.513123E+00  7.514897E+00  3.949698E-01  1.283784E+00 -2.213691E-01  2.328189E-01
  1.611809E-02  3.745641E-01  8.812390E+00  7.687708E+00  4.178167E-01  1.350272E+00 -2.223130E-01  2.365111E-01
  1.668149E-02  3.828831E-01  9.120421E+00  7.858450E+00  4.401460E-01  1.415838E+00 -2.226442E-01  2.390756E-01
  1.726138E-02  3.910966E-01  9.437470E+00  8.027028E+00  4.618742E-01  1.480245E+00 -2.223875E-01  2.405736E-01
  1.785825E-02  3.992011E-01  9.763803E+00  8.193367E+00  4.829432E-01  1.543308E+00 -2.215770E-01  2.410843E-01
  1.847260E-02  4.071941E-01  1.009969E+01  8.357418E+00  5.033064E-01  1.604855E+00 -2.202476E-01  2.406921E-01
  1.910494E-02  4.150739E-01  1.044541E+01  8.519147E+00  5.229274E-01  1.664753E+00 -2.184413E-01  2.394833E-01
  1.975579E-02  4.228398E-01  1.080126E+01  8.678538E+00  5.417902E-01  1.722895E+00 -2.161988E-01  2.375504E-01
  2.042570E-02  4.304918E-01  1.116753E+01  8.835590E+00  5.598795E-01  1.779195E+00 -2.135642E-01  2.349784E-01
  2.111522E-02  4.380302E-01  1.154452E+01  8.990313E+00  5.771954E-01  1.833596E+00 -2.105800E-01  2.318533E-01
  2.182493E-02  4.454563E-01  1.193254E+01  9.142728E+00  5.937416E-01  1.886057E+00 -2.072888E-01  2.282541E-01
  2.255543E-02  4.527713E-01  1.233193E+01  9.292864E+00  6.095285E-01  1.936556E+00 -2.037311E-01  2.242553E-01
  2.330731E-02  4.599771E-01  1.274302E+01  9.440758E+00  6.245709E-01  1.985086E+00 -1.999459E-01  2.199250E-01
  2.408121E-02  4.670756E-01  1.316614E+01  9.586452E+00  6.388870E-01  2.031655E+00 -1.959699E-01  2.153252E-01
  2.487777E-02  4.740692E-01  1.360165E+01  9.729991E+00  6.524977E-01  2.076280E+00 -1.918373E-01  2.105118E-01
  2.569765E-02  4.809603E-01  1.404991E+01  9.871427E+00  6.654254E-01  2.118988E+00 -1.875796E-01  2.055345E-01
  2.654154E-02  4.877514E-01  1.451130E+01  1.001081E+01  6.776941E-01  2.159812E+00 -1.832257E-01  2.004377E-01
  2.741014E-02  4.944451E-01  1.498619E+01  1.014819E+01  6.893283E-01  2.198793E+00 -1.788021E-01  1.952602E-01
  2.830417E-02  5.010442E-01  1.547500E+01  1.028364E+01  7.003527E-01  2.235974E+00 -1.743324E-01  1.900359E-01
  2.922438E-02  5.075514E-01  1.597811E+01  1.041719E+01  7.107922E-01  2.271405E+00 -1.698379E-01  1.847941E-01
  3.017153E-02  5.139693E-01  1.649596E+01  1.054892E+01  7.206713E-01  2.305135E+00 -1.653375E-01  1.795604E-01
  3.114642E-02  5.203008E-01  1.702897E+01  1.067887E+01  7.300139E-01  2.337216E+00 -1.608478E-01  1.743562E-01
  3.214985E-02  5.265484E-01  1.757758E+01  1.080710E+01  7.388435E-01  2.367700E+00 -1.563836E-01  1.692000E-01
  3.318266E-02  5.327150E-01  1.814226E+01  1.093366E+01  7.471826E-01  2.396641E+00 -1.519576E-01  1.641072E-01
  3.424572E-02  5.388031E-01  1.872347E+01  1.105862E+01  7.550530E-01  2.424091E+00 -1.475808E-01  1.590906E-01
  3.533990E-02  5.448152E-01  1.932170E+01  1.118201E+01  7.624756E-01  2.450102E+00 -1.432626E-01  1.541607E-01
  3.646612E-02  5.507540E-01  1.993745E+01  1.130390E+01  7.694702E-01  2.474726E+00 -1.390110E-01  1.493262E-01
  3.762531E-02  5.566218E-01  2.057123E+01  1.142433E+01  7.760559E-01  2.498012E+00 -1.348326E-01  1.445937E-01
  3.881845E-02  5.624211E-01  2.122356E+01  1.154336E+01  7.822508E-01  2.520008E+00 -1.307330E-01  1.399687E-01
  4.004652E-02  5.681541E-01  2.189500E+01  1.166103E+01  7.880720E-01  2.540763E+00 -1.267167E-01  1.354549E-01
  4.131055E-02  5.738232E-01  2.258609E+01  1.177738E+01  7.935357E-01  2.560320E+00 -1.227871E-01  1.310554E-01
  4.261159E-02  5.794305E-01  2.329742E+01  1.189247E+01  7.986572E-01  2.578723E+00 -1.189470E-01  1.267718E-01
  4.395072E-02  5.849782E-01  2.402958E+01  1.200633E+01  8.034509E-01  2.596014E+00 -1.151985E-01  1.226052E-01
  4.532907E-02  5.904682E-01  2.478317E+01  1.211901E+01  8.079305E-01  2.612233E+00 -1.115428E-01  1.185560E-01
  4.674778E-02  5.959027E-01  2.555884E+01  1.223055E+01  8.121088E-01  2.627418E+00 -1.079809E-01  1.146237E-01
  4.820802E-02  6.012835E-01  2.635721E+01  1.234099E+01  8.159978E-01  2.641604E+00 -1.045129E-01  1.108077E-01
  4.971102E-02  6.066126E-01  2.717896E+01  1.245037E+01  8.196087E-01  2.654827E+00 -1.011389E-01  1.071066E-01
  5.125803E-02  6.118916E-01  2.802477E+01  1.255871E+01  8.229522E-01  2.667119E+00 -9.785833E-02  1.035189E-01
  5.285034E-02  6.171223E-01  2.889535E+01  1.266607E+01  8.260381E-01  2.678511E+00 -9.467052E-02  1.000427E-01
  5.448927E-02  6.223065E-01  2.979141E+01  1.277247E+01  8.288756E-01  2.689032E+00 -9.157440E-02  9.667591E-02
  5.617619E-02  6.274456E-01  3.071372E+01  1.287795E+01  8.314734E-01  2.698710E+00 -8.856875E-02  9.341625E-02
  5.791251E-02  6.325414E-01  3.166303E+01  1.298254E+01  8.338396E-01  2.707570E+00 -8.565214E-02  9.026127E-02
  5.969966E-02  6.375953E-01  3.264014E+01  1.308627E+01  8.359816E-01  2.715637E+00 -8.282299E-02  8.720843E-02
  6.153914E-02  6.426088E-01  3.364585E+01  1.318917E+01  8.379064E-01  2.722934E+00 -8.007961E-02  8.425512E-02
  6.343248E-02  6.475833E-01  3.468102E+01  1.329127E+01  8.396204E-01  2.729482E+00 -7.742019E-02  8.139866E-02
  6.538126E-02  6.525201E-01  3.574649E+01  1.339259E+01  8.411296E-01  2.735302E+00 -7.484286E-02  7.863634E-02
  6.738711E-02  6.574206E-01  3.684316E+01  1.349317E+01  8.424396E-01  2.740411E+00 -7.234568E-02  7.596544E-02
  6.945168E-02  6.622860E-01  3.797195E+01  1.359303E+01  8.435554E-01  2.744829E+00 -6.992667E-02  7.338325E-02
  7.157671E-02  6.671175E-01  3.913378E+01  1.369219E+01  8.444816E-01  2.748571E+00 -6.758384E-02  7.088706E-02
  7.376395E-02  6.719164E-01  4.032963E+01  1.379069E+01  8.452227E-01  2.751651E+00 -6.531516E-02  6.847420E-02
  7.601524E-02  6.766838E-01  4.156050E+01  1.388854E+01  8.457824E-01  2.754085E+00 -6.311862E-02  6.614203E-02
  7.833245E-02  6.814208E-01  4.282741E+01  1.398576E+01  8.461644E-01  2.755885E+00 -6.099218E-02  6.388795E-02
  8.071751E-02  6.861284E-01  4.413142E+01  1.408238E+01  8.463717E-01  2.757062E+00 -5.893386E-02  6.170943E-02
  8.317240E-02  6.908078E-01  4.547360E+01  1.417842E+01  8.464075E-01  2.757628E+00 -5.694166E-02  5.960396E-02
  8.569918E-02  6.954598E-01  4.685509E+01  1.427390E+01  8.462741E-01  2.757593E+00 -5.501362E-02  5.756911E-02
  8.829993E-02  7.000856E-01  4.827702E+01  1.436884E+01  8.459739E-01  2.756965E+00 -5.314776E-02  5.560246E-02
  9.097684E-02  7.046859E-01  4.974060E+01  1.446326E+01  8.455089E-01  2.755752E+00 -5.134212E-02  5.370164E-02
  9.373213E-02  7.092618E-01  5.124702E+01  1.455718E+01  8.448811E-01  2.753961E+00 -4.959475E-02  5.186432E-02
  9.656810E-02  7.138140E-01  5.279755E+01  1.465061E+01  8.440918E-01  2.751600E+00 -4.790377E-02  5.008827E-02
  9.948711E-02  7.183434E-01  5.439349E+01  1.474357E+01  8.431424E-01  2.748673E+00 -4.626735E-02  4.837131E-02
  1.024916E-01  7.228508E-01  5.603615E+01  1.483609E+01  8.420337E-01  2.745185E+00 -4.468370E-02  4.671135E-02
  1.055840E-01  7.273369E-01  5.772691E+01  1.492816E+01  8.407666E-01  2.741140E+00 -4.315108E-02  4.510635E-02
  1.087670E-01  7.318026E-01  5.946718E+01  1.501982E+01  8.393416E-01  2.736541E+00 -4.166780E-02  4.355435E-02
  1.120432E-01  7.362484E-01  6.125841E+01  1.511106E+01  8.377589E-01  2.731391E+00 -4.023222E-02  4.205346E-02
  1.154153E-01  7.406750E-01  6.310208E+01  1.520192E+01  8.360186E-01  2.725693E+00 -3.884276E-02  4.060184E-02
  1.188862E-01  7.450832E-01  6.499973E+01  1.529239E+01  8.341206E-01  2.719446E+00 -3.749787E-02  3.919773E-02
  1.224587E-01  7.494735E-01  6.695295E+01  1.538250E+01  8.320644E-01  2.712652E+00 -3.619607E-02  3.783943E-02
  1.261358E-01  7.538465E-01  6.896336E+01  1.547226E+01  8.298495E-01  2.705311E+00 -3.493590E-02  3.652530E-02
  1.299205E-01  7.582028E-01  7.103264E+01  1.556166E+01  8.274751E-01  2.697422E+00 -3.371596E-02  3.525374E-02
  1.338161E-01  7.625428E-01  7.316250E+01  1.565074E+01  8.249402E-01  2.688983E+00 -3.253490E-02  3.402325E-02
  1.378258E-01  7.668672E-01  7.535473E+01  1.573950E+01  8.222437E-01  2.679994E+00 -3.139142E-02  3.283235E-02
  1.419528E-01  7.711763E-01  7.761115E+01  1.582794E+01  8.193841E-01  2.670452E+00 -3.028425E-02  3.167961E-02
  1.462007E-01  7.754707E-01  7.993363E+01  1.591608E+01  8.163599E-01  2.660353E+00 -2.921216E-02  3.056369E-02
  1.505730E-01  7.797507E-01  8.232412E+01  1.600392E+01  8.131694E-01  2.649695E+00 -2.817397E-02  2.948327E-02
  1.550733E-01  7.840168E-01  8.478461E+01  1.609148E+01  8.098106E-01  2.638474E+00 -2.716854E-02  2.843708E-02
  1.597053E-01  7.882694E-01  8.731714E+01  1.617876E+01  8.062814E-01  2.626685E+00 -2.619477E-02  2.742390E-02
  1.644730E-01  7.925087E-01  8.992382E+01  1.626577E+01  8.025795E-01  2.614324E+00 -2.525160E-02  2.644257E-02
  1.693803E-01  7.967352E-01  9.260682E+01  1.635252E+01  7.987025E-01  2.601385E+00 -2.433799E-02  2.549195E-02
  1.744313E-01  8.009491E-01  9.536839E+01  1.643901E+01  7.946477E-01  2.587862E+00 -2.345296E-02  2.457096E-02
  1.796301E-01  8.051506E-01  9.821081E+01  1.652524E+01  7.904121E-01  2.573749E+00 -2.259554E-02  2.367855E-02
  1.849812E-01  8.093401E-01  1.011365E+02  1.661123E+01  7.859929E-01  2.559039E+00 -2.176483E-02  2.281371E-02
  1.904890E-01  8.135177E-01  1.041478E+02  1.669697E+01  7.813867E-01  2.543726E+00 -2.095992E-02  2.197548E-02
  1.961581E-01  8.176836E-01  1.072473E+02  1.678247E+01  7.765903E-01  2.527802E+00 -2.017995E-02  2.116292E-02
  2.019931E-01  8.218380E-01  1.104375E+02  1.686774E+01  7.716000E-01  2.511258E+00 -1.942411E-02  2.037512E-02
  2.079990E-01  8.259810E-01  1.137212E+02  1.695277E+01  7.664120E-01  2.494088E+00 -1.869159E-02  1.961124E-02
  2.141807E-01  8.301126E-01  1.171010E+02  1.703757E+01  7.610225E-01  2.476281E+00 -1.798162E-02  1.887042E-02
  2.205435E-01  8.342330E-01  1.205797E+02  1.712214E+01  7.554272E-01  2.457829E+00 -1.729347E-02  1.815188E-02
  2.270925E-01  8.383421E-01  1.241604E+02  1.720648E+01  7.496219E-01  2.438723E+00 -1.662642E-02  1.745483E-02
  2.338334E-01  8.424399E-01  1.278458E+02  1.729058E+01  7.436021E-01  2.418954E+00 -1.597977E-02  1.677854E-02
  2.407716E-01  8.465264E-01  1.316392E+02  1.737446E+01  7.373629E-01  2.398510E+00 -1.535288E-02  1.612229E-02
  2.479129E-01  8.506015E-01  1.355437E+02  1.745809E+01  7.308996E-01  2.377384E+00 -1.474510E-02  1.548540E-02
  2.552633E-01  8.546649E-01  1.395624E+02  1.754149E+01  7.242070E-01  2.355563E+00 -1.415583E-02  1.486719E-02
  2.628290E-01  8.587166E-01  1.436989E+02  1.762465E+01  7.172798E-01  2.333038E+00 -1.358447E-02  1.426703E-02
  2.706162E-01  8.627563E-01  1.479564E+02  1.770757E+01  7.101124E-01  2.309798E+00 -1.303045E-02  1.368431E-02
  2.786314E-01  8.667837E-01  1.523387E+02  1.779022E+01  7.026991E-01  2.285834E+00 -1.249324E-02  1.311844E-02
  2.868813E-01  8.707984E-01  1.568492E+02  1.787262E+01  6.950341E-01  2.261133E+00 -1.197231E-02  1.256885E-02
  2.953727E-01  8.748000E-01  1.614918E+02  1.795476E+01  6.871110E-01  2.235686E+00 -1.146717E-02  1.203500E-02
  3.041128E-01  8.787881E-01  1.662704E+02  1.803661E+01  6.789236E-01  2.209483E+00 -1.097734E-02  1.151636E-02
  3.131088E-01  8.827621E-01  1.711888E+02  1.811817E+01  6.704652E-01  2.182512E+00 -1.050235E-02  1.101243E-02
  3.223682E-01  8.867214E-01  1.762513E+02  1.819943E+01  6.617290E-01  2.154766E+00 -1.004178E-02  1.052272E-02
  3.318988E-01  8.906653E-01  1.814620E+02  1.828038E+01  6.527078E-01  2.126234E+00 -9.595204E-03  1.004678E-02
  3.417084E-01  8.945930E-01  1.868253E+02  1.836099E+01  6.433944E-01  2.096908E+00 -9.162227E-03  9.584165E-03
  3.518052E-01  8.985036E-01  1.923456E+02  1.844126E+01  6.337812E-01  2.066780E+00 -8.742475E-03  9.134441E-03
  3.621976E-01  9.023961E-01  1.980276E+02  1.852115E+01  6.238604E-01  2.035844E+00 -8.335590E-03  8.697208E-03
  3.728944E-01  9.062694E-01  2.038759E+02  1.860065E+01  6.136239E-01  2.004092E+00 -7.941236E-03  8.272080E-03
  3.839043E-01  9.101224E-01  2.098955E+02  1.867973E+01  6.030633E-01  1.971522E+00 -7.559097E-03  7.858687E-03
  3.952366E-01  9.139536E-01  2.160913E+02  1.875836E+01  5.921701E-01  1.938130E+00 -7.188876E-03  7.456680E-03
  4.069008E-01  9.177616E-01  2.224686E+02  1.883652E+01  5.809354E-01  1.903917E+00 -6.830298E-03  7.065729E-03
  4.189065E-01  9.215447E-01  2.290325E+02  1.891416E+01  5.693500E-01  1.868883E+00 -6.483106E-03  6.685520E-03
  4.312637E-01  9.253010E-01  2.357887E+02  1.899126E+01  5.574045E-01  1.833033E+00 -6.147066E-03  6.315762E-03
  4.439827E-01  9.290286E-01  2.427427E+02  1.906776E+01  5.450891E-01  1.796376E+00 -5.821964E-03  5.956179E-03
  4.570741E-01  9.327252E-01  2.499003E+02  1.914363E+01  5.323939E-01  1.758922E+00 -5.507609E-03  5.606520E-03
  4.705489E-01  9.363883E-01  2.572675E+02  1.921882E+01  5.193084E-01  1.720689E+00 -5.203830E-03  5.266552E-03
  4.844182E-01  9.400152E-01  2.648504E+02  1.929326E+01  5.058220E-01  1.681698E+00 -4.910479E-03  4.936064E-03
  4.986937E-01  9.436030E-01  2.726553E+02  1.936690E+01  4.919238E-01  1.641977E+00 -4.627432E-03  4.614869E-03
  5.133871E-01  9.471482E-01  2.806888E+02  1.943966E+01  4.776025E-01  1.601559E+00 -4.354589E-03  4.302805E-03
  5.285107E-01  9.506473E-01  2.889574E+02  1.951147E+01  4.628464E-01  1.560490E+00 -4.091874E-03  3.999737E-03
  5.440772E-01  9.540960E-01  2.974682E+02  1.958226E+01  4.476436E-01  1.518821E+00 -3.839233E-03  3.705557E-03
  5.600994E-01  9.574901E-01  3.062282E+02  1.965192E+01  4.319818E-01  1.476616E+00 -3.596642E-03  3.420190E-03
  5.765908E-01  9.608244E-01  3.152447E+02  1.972036E+01  4.158484E-01  1.433952E+00 -3.364100E-03  3.143598E-03
  5.935651E-01  9.640935E-01  3.245252E+02  1.978745E+01  3.992303E-01  1.390920E+00 -3.141633E-03  2.875777E-03
  6.110364E-01  9.672913E-01  3.340774E+02  1.985308E+01  3.821142E-01  1.347629E+00 -2.929293E-03  2.616771E-03
  6.290192E-01  9.704109E-01  3.439094E+02  1.991711E+01  3.644863E-01  1.304206E+00 -2.727160E-03  2.366672E-03
  6.475286E-01  9.734449E-01  3.540292E+02  1.997938E+01  3.463325E-01  1.260801E+00 -2.535341E-03  2.125628E-03
  6.665800E-01  9.763849E-01  3.644453E+02  2.003972E+01  3.276384E-01  1.217590E+00 -2.353968E-03  1.893850E-03
  6.861891E-01  9.792215E-01  3.751664E+02  2.009794E+01  3.083891E-01  1.174777E+00 -2.183202E-03  1.671624E-03
  7.063725E-01  9.819445E-01  3.862014E+02  2.015383E+01  2.885691E-01  1.132598E+00 -2.023230E-03  1.459321E-03
  7.271468E-01  9.845422E-01  3.975596E+02  2.020715E+01  2.681630E-01  1.091327E+00 -1.874264E-03  1.257408E-03
  7.485294E-01  9.870019E-01  4.092503E+02  2.025763E+01  2.471544E-01  1.051276E+00 -1.736546E-03  1.066465E-03
  7.705381E-01  9.893093E-01  4.212833E+02  2.030499E+01  2.255268E-01  1.012805E+00 -1.610348E-03  8.872011E-04
  7.931913E-01  9.914485E-01  4.336686E+02  2.034890E+01  2.032632E-01  9.763181E-01 -1.495972E-03  7.204696E-04
  8.165077E-01  9.934021E-01  4.464166E+02  2.038899E+01  1.803458E-01  9.422732E-01 -1.393762E-03  5.672892E-04
  8.405068E-01  9.951505E-01  4.595379E+02  2.042488E+01  1.567565E-01  9.111806E-01 -1.304112E-03  4.288590E-04
  8.652086E-01  9.966726E-01  4.730434E+02  2.045612E+01  1.324764E-01  8.836036E-01 -1.227480E-03  3.065732E-04
  8.906338E-01  9.979450E-01  4.869443E+02  2.048223E+01  1.074860E-01  8.601573E-01 -1.164417E-03  2.020291E-04
  9.168033E-01  9.989423E-01  5.012522E+02  2.050270E+01  8.176490E-02  8.415027E-01 -1.115596E-03  1.170273E-04
  9.437392E-01  9.996371E-01  5.159791E+02  2.051696E+01  5.529182E-02  8.283385E-01 -1.081864E-03  5.355946E-05
  9.714637E-01  1.000000E+00  5.311372E+02  2.052441E+01  2.804458E-02  8.213891E-01 -1.064301E-03  1.378548E-05
  1.000000E+00  1.000000E+00  5.467391E+02  2.052441E+01  0.000000E+00  8.213891E-01 -1.064301E-03  0.000000E+00
