-1.059907418093615644e-26
5.515334406884199258e-05
1.130734543483474715e-04
1.739575041095846168e-04
2.380191764504267652e-04
3.054900519947162081e-04
3.766211070566976519e-04
4.516843270698653258e-04
5.309744407483964678e-04
6.148107804708358853e-04
7.035392740461998912e-04
7.975345723959408918e-04
8.972023167397496016e-04
1.002981547553650869e-03
1.115347255797233695e-03
1.234813074584617532e-03
1.361934106480823699e-03
1.497309877797822330e-03
1.641587406472277619e-03
1.795464364129984716e-03
1.959692305547902375e-03
2.135079929646861892e-03
2.322496325084723746e-03
2.522874140135672200e-03
2.737212600473075495e-03
2.966580279340066614e-03
3.212117502014374959e-03
3.475038240104523241e-03
3.756631320783892797e-03
4.058260741453630430e-03
4.381364841642442810e-03
4.727454041690845078e-03
5.098106812964947783e-03
5.494963498802702545e-03
5.919717561950377412e-03
6.374103797069721744e-03
6.859883021788798843e-03
7.378822754382722247e-03
7.932673410016534074e-03
8.523139611541738145e-03
9.151846326507945620e-03
9.820299719180870454e-03
1.052984285028521656e-02
1.128160666515715463e-02
1.207645706914817554e-02
1.291493927233533512e-02
1.379722096256356771e-02
1.472303621023725480e-02
1.569163231137361489e-02
1.670172204919089312e-02
1.775144411291236859e-02
1.883833463283629897e-02
1.995931288282965996e-02
2.111068402488007478e-02
2.228816120874737433e-02
2.348690837858296784e-02
2.470160387740475902e-02
2.592652353699111470e-02
2.715564055126092405e-02
2.838273819462579575e-02
2.960153049023754937e-02
3.080578536280612414e-02
3.198944469084204906e-02
3.314673601030123512e-02
3.427227136338758390e-02
3.536112983268856202e-02
3.640892152305288260e-02
3.741183201591914004e-02
3.836664750066058616e-02
3.927076179044217824e-02
4.012216719723778885e-02
4.091943174932523297e-02
4.166166549319477719e-02
4.234847866163559543e-02
4.297993435557554559e-02
4.355649812875458243e-02
4.407898652943566947e-02
4.454851628376196165e-02
4.496645543412965823e-02
4.533437739696041108e-02
4.565401859287347014e-02
4.592724003659935661e-02
4.615599305655895129e-02
4.634228914337092803e-02
4.648817379858488641e-02
4.659570416418949701e-02
4.666693015388456017e-02
4.670387877275943012e-02
4.670854129735514670e-02
4.668286298822075381e-02
4.662873501786536645e-02
4.654798831505480017e-02
4.644238904899940235e-02
4.631363550203362184e-02
4.616335610533010836e-02
4.599310843788611408e-02
4.580437901368204084e-02
4.559858370502849201e-02
4.537706867138658479e-02
4.514111168222032650e-02
4.489192373968546590e-02
4.463065092222252145e-02
4.435837638350083323e-02
4.407612245278558910e-02
4.378485279282038484e-02
4.348547457988843207e-02
4.317884067799233200e-02
4.286575178522353952e-02
4.254695853552022816e-02
4.222316354326562798e-02
4.189502338167636758e-02
4.156315048877937818e-02
4.122811499707053351e-02
4.089044648477384303e-02
4.055063564804935877e-02
4.020913589459684107e-02
3.986636485992584022e-02
3.952270584816010984e-02
3.917850919965761708e-02
3.883409358799160688e-02
3.848974724898584360e-02
3.814572914455310881e-02
3.780227006407466811e-02
3.745957366599794724e-02
3.711781746223801609e-02
3.677715374785938546e-02
3.643771047840121263e-02
3.609959209710158351e-02
3.576288031418490415e-02
3.542763484030792692e-02
3.509389407622168916e-02
3.476167576070322146e-02
3.443097757884713145e-02
3.410177773288450287e-02
3.377403547781731435e-02
3.344769162431903559e-02
3.312266901155536125e-02
3.279887295281830317e-02
3.247619165713738071e-02
3.215449663032580313e-02
3.183364305922860293e-02
3.151347018325340726e-02
3.119380165757169518e-02
3.087444591266648095e-02
3.055519651515923446e-02
3.023583253506246030e-02
2.991611892476338935e-02
2.959580691513988629e-02
2.927463443423545739e-02
2.895232655387372164e-02
2.862859596947583615e-02
2.830314351816546822e-02
2.797565874001903957e-02
2.764582048706688486e-02
2.731329758440362646e-02
2.697774954756355925e-02
2.663882736020825592e-02
2.629617431621874765e-02
2.594942693055432223e-02
2.559821592381707894e-02
2.524216728644119653e-02
2.488090342991969295e-02
2.451404443461653246e-02
2.414120940663762316e-02
2.376201796012566286e-02
2.337609184640957599e-02
2.298305675793192726e-02
2.258254434310644210e-02
2.217419447860628778e-02
2.175765785853328582e-02
2.133259897607558964e-02
2.089869959339723388e-02
2.045566282059419622e-02
2.000321795583753087e-02
1.954112627786726980e-02
1.906918803075502780e-02
1.858725090172984318e-02
1.809522036877605003e-02
1.759307238907860393e-02
1.708086901600996618e-02
1.655877767506721415e-02
1.602709500111819743e-02
1.548627634144101282e-02
1.493697225731348277e-02
1.438007359743186629e-02
1.381676693716401075e-02
1.324860231503143838e-02
1.267757513668328444e-02
1.210622366260766768e-02
1.153774234443258329e-02
1.097610899288682142e-02
1.042621982237016375e-02
9.894020377623019558e-03
9.386612285076329637e-03
8.912307098447888251e-03
8.480592970005701101e-03
8.101983743263997326e-03
7.787739401977709051e-03
7.549480136461322183e-03
7.397343211154526824e-03
7.346630902718674812e-03
