2.000000000000000000e+07
3.086696628951097373e+06
9.795008436667128699e+05
4.426365003364958684e+05
2.430671284813441744e+05
1.504079622507352906e+05
1.007655324440166441e+05
7.140960070261586225e+04
5.275859611864522594e+04
4.024757861793163465e+04
3.149153407517856613e+04
2.515152885639906526e+04
2.043139420929887638e+04
1.683490613431226302e+04
1.404043476039983398e+04
1.183249997343117684e+04
1.006259022661637573e+04
8.625809345811734602e+03
7.446463468901215492e+03
6.468890902604270195e+03
5.651469431856104165e+03
4.962606009500452274e+03
4.377995558865065505e+03
3.878711238479238091e+03
3.449850884066650451e+03
3.079562551251855439e+03
2.758332918711831098e+03
2.478460822785155869e+03
2.233663060175622832e+03
2.018775943858677010e+03
1.829527026530765852e+03
1.662358825532302717e+03
1.514291492406345014e+03
1.382814935422076360e+03
1.265803422025641112e+03
1.161447488149849505e+03
1.068199281688879864e+03
9.847284164891223099e+02
9.098861124638312958e+02
8.426759172079417795e+02
7.822296939223601839e+02
7.277878542250690543e+02
6.786830371868981047e+02
6.343266053684637882e+02
5.941974575771347418e+02
5.578327559694977253e+02
5.248202391657963517e+02
4.947918488692312735e+02
4.674184397541729368e+02
4.424053750840135990e+02
4.194888370621947047e+02
3.984327041296295420e+02
3.790258693840086721e+02
3.610798962186705126e+02
3.444269294208327210e+02
3.289178017255722466e+02
3.144202960221674630e+02
3.008175407107810315e+02
2.880065289690737700e+02
2.758967612337490323e+02
2.644090139868249025e+02
2.534742375704020958e+02
2.430325822548323345e+02
2.330325462321934538e+02
2.234302327096283136e+02
2.141886970815137943e+02
2.052773603534214146e+02
1.966714622313898531e+02
1.883515271121914623e+02
1.803028192349122207e+02
1.725147695356408235e+02
1.649803655087457912e+02
1.576955055770738738e+02
1.506583299214742624e+02
1.438685486867314580e+02
1.373267942087509823e+02
1.310340255927031592e+02
1.249910115686564751e+02
1.191979114044257102e+02
1.136539649807031793e+02
1.083572938159646384e+02
1.033048062690573801e+02
9.849219333209245519e+01
9.391399717812866754e+01
8.956373298384592374e+01
8.543404501714977073e+01
8.151688007192845475e+01
7.780366439990054062e+01
7.428547365662804225e+01
7.095318864617760823e+01
6.779763253835317016e+01
6.480968755338635390e+01
6.198039086395088049e+01
5.930101069119434243e+01
5.676310432897687264e+01
5.435856024490316685e+01
5.207962655653228268e+01
4.991892813763787728e+01
4.786947446228997194e+01
4.592466008234786301e+01
4.407825939034423612e+01
4.232441707459546620e+01
4.065763543771434030e+01
3.907275953767648957e+01
3.756496092398233344e+01
3.612972058015800769e+01
3.476281154802452278e+01
3.346028159553095094e+01
3.221843619793939695e+01
3.103382202798215417e+01
2.990321109141529377e+01
2.882358559780089990e+01
2.779212362006686377e+01
2.680618556857942636e+01
2.586330148449817301e+01
2.496115914170889383e+01
2.409759293536916047e+01
2.327057352733706352e+01
2.247819821360455350e+01
2.171868197571789594e+01
2.099034917656939569e+01
2.029162586051505457e+01
1.962103261818240085e+01
1.897717797735798939e+01
1.835875228277719984e+01
1.776452202937091940e+01
1.719332461541932844e+01
1.664406348399917235e+01
1.611570362313458205e+01
1.560726739703826560e+01
1.511783068278990783e+01
1.464651928870484454e+01
1.419250563240702512e+01
1.375500565833989697e+01
1.333327597605849846e+01
1.292661120220076398e+01
1.253434149049620494e+01
1.215583023540742325e+01
1.179047193621824263e+01
1.143769020962900385e+01
1.109693594004075834e+01
1.076768555771183777e+01
1.044943943596248026e+01
1.014172039953921356e+01
9.844072337075317591e+00
9.556058911399311739e+00
9.277262362259824258e+00
9.007282396793341306e+00
8.745735163760283370e+00
8.492252308255709536e+00
8.246480104263829602e+00
8.008078663061013458e+00
7.776721216068817277e+00
7.552093471311560613e+00
7.333893043099818598e+00
7.121828954963354441e+00
6.915621216197498811e+00
6.715000472615288984e+00
6.519707732196952321e+00
6.329494166311701697e+00
6.144120987024784597e+00
5.963359400644212549e+00
5.786990637136991467e+00
5.614806054342512454e+00
5.446607315035434382e+00
5.282206633865106582e+00
5.121427090074138100e+00
4.964103000772558616e+00
4.810080348483708690e+00
4.659217255827237558e+00
4.511384499732105979e+00
4.366466057621294361e+00
4.224359678859962663e+00
4.084977476590573531e+00
3.948246538023470809e+00
3.814109555539750396e+00
3.682525486649434132e+00
3.553470258021152794e+00
3.426937537453318416e+00
3.302939607632049857e+00
3.181508386627163620e+00
3.062696651998299657e+00
2.946579537650170888e+00
2.833256384557455210e+00
2.722853037268749610e+00
2.615524686415201305e+00
2.511459361410321112e+00
2.410882174221149921e+00
2.314060400194555278e+00
2.221309449083765930e+00
2.132999719637040492e+00
2.049564232414863962e+00
1.971506783844958255e+00
1.899410146873048655e+00
1.833943555485617161e+00
1.775868370589316791e+00
1.726040497445779920e+00
1.685407945390869244e+00
1.655002106874051471e+00
1.635742557298134559e+00
1.629322707439495588e+00
