-3.894798892215042850e-33
-6.875686259294689769e-11
-7.203386119986277242e-10
-3.443539484987701854e-09
-1.096370640701077307e-08
-2.748240203152755556e-08
-5.898186793130828418e-08
-1.136010096796156466e-07
-2.020880364580558577e-07
-3.383384557392924257e-07
-5.400296515130668121e-07
-8.293652606476036247e-07
-1.233944352883417361e-06
-1.787772146652604399e-06
-2.532430690703244275e-06
-3.518429600214449544e-06
-4.806758517672975780e-06
-6.470664412432668470e-06
-8.597678054988954250e-06
-1.129191489372423346e-05
-1.467667598523150177e-05
-1.889737441224542826e-05
-2.412481155378565494e-05
-3.055882539208278748e-05
-3.843232943863932597e-05
-4.801575546541115571e-05
-5.962190559765558474e-05
-7.361120895153254657e-05
-9.039736429707129130e-05
-1.104533325398893503e-04
-1.343176204284689983e-04
-1.626007690593448210e-04
-1.959919267317755079e-04
-2.352653448385072954e-04
-2.812865872989709607e-04
-3.350181884130473946e-04
-3.975244313502649795e-04
-4.699748510187571563e-04
-5.536459931556691029e-04
-6.499208900524032105e-04
-7.602856482158261518e-04
-8.863224926107523627e-04
-1.029698586592816753e-03
-1.192149959351107439e-03
-1.375459938699918460e-03
-1.581431622184761507e-03
-1.811854138160725594e-03
-2.068462760866898210e-03
-2.352893351442760742e-03
-2.666632089691266510e-03
-3.010962012195747724e-03
-3.386908435544853761e-03
-3.795185855552462607e-03
-4.236149298556386028e-03
-4.709753280746415381e-03
-5.215521439349222674e-03
-5.752529496364326526e-03
-6.319403503769981806e-03
-6.914334349698617564e-03
-7.535108374979906931e-03
-8.179152788071632554e-03
-8.843593513538942560e-03
-9.525322289686968119e-03
-1.022106933220506310e-02
-1.092747773939198828e-02
-1.164117601442179149e-02
-1.235884556075292698e-02
-1.307728067970537027e-02
-1.379343936648130993e-02
-1.450448397158142846e-02
-1.520781149634324939e-02
-1.590107387597280986e-02
-1.658218904698349414e-02
-1.724934389506336402e-02
-1.790099034583004720e-02
-1.853583591567465119e-02
-1.915283000795652349e-02
-1.975114714632016447e-02
-2.033016820454880760e-02
-2.088946054001768193e-02
-2.142875778007277687e-02
-2.194793985804640440e-02
-2.244701375505449639e-02
-2.292609527921103674e-02
-2.338539210722176756e-02
-2.382518822465956934e-02
-2.424582982967937728e-02
-2.464771270894944993e-02
-2.503127105226547397e-02
-2.539696764166964049e-02
-2.574528532995258578e-02
-2.607671971034100991e-02
-2.639177287232662497e-02
-2.669094813654308840e-02
-2.697474566313349739e-02
-2.724365883216391115e-02
-2.749817130050860939e-02
-2.773875464660754270e-02
-2.796586652206685744e-02
-2.817994923685250910e-02
-2.838142871252856761e-02
-2.857071374541260075e-02
-2.874819552852182075e-02
-2.891424738768030855e-02
-2.906922469310227464e-02
-2.921346491314377042e-02
-2.934728778173026006e-02
-2.947099555524263989e-02
-2.958487333841084560e-02
-2.968918946206207388e-02
-2.978419589844320120e-02
-2.987012870233001979e-02
-2.994720846829820177e-02
-3.001564079641176261e-02
-3.007561676023885050e-02
-3.012731337259198783e-02
-3.017089404578405035e-02
-3.020650904458729510e-02
-3.023429593161412743e-02
-3.025438000670165398e-02
-3.026687474438232925e-02
-3.027188223714228146e-02
-3.026949365768863073e-02
-3.025978976594864353e-02
-3.024284107825523163e-02
-3.021870797496201827e-02
-3.018744084579987400e-02
-3.014908025719733459e-02
-3.010365713031892820e-02
-3.005119292175541593e-02
-2.999169980113975190e-02
-2.992518082167666682e-02
-2.985163008082372324e-02
-2.977103286926900336e-02
-2.968336580700658284e-02
-2.958859696578324677e-02
-2.948668597752954895e-02
-2.937758412863259241e-02
-2.926123444008536800e-02
-2.913757173367891376e-02
-2.900652268450531687e-02
-2.886800586012416153e-02
-2.872193174682243291e-02
-2.856820276347724064e-02
-2.840671326361922031e-02
-2.823734952640078247e-02
-2.805998973730461712e-02
-2.787450395959385416e-02
-2.768075409771581993e-02
-2.747859385413897043e-02
-2.726786868144207357e-02
-2.704841573190396725e-02
-2.682006380738374482e-02
-2.658263331296175161e-02
-2.633593621866555864e-02
-2.607977603467320771e-02
-2.581394780672003481e-02
-2.553823814009877416e-02
-2.525242526271345017e-02
-2.495627914022287286e-02
-2.464956165950784109e-02
-2.433202690066483057e-02
-2.400342152264749521e-02
-2.366348529376730014e-02
-2.331195180579607312e-02
-2.294854941971564630e-02
-2.257300250263311395e-02
-2.218503302950659492e-02
-2.178436264068412884e-02
-2.137071526753353198e-02
-2.094382046443814260e-02
-2.050341761708066382e-02
-2.004926123528039464e-02
-1.958112758482843593e-02
-1.909882296796008502e-02
-1.860219402742855146e-02
-1.809114052546741472e-02
-1.756563113657228989e-02
-1.702572289129436478e-02
-1.647158501466536654e-02
-1.590352801216678852e-02
-1.532203895859361557e-02
-1.472782402439049010e-02
-1.412185930410924870e-02
-1.350545095327831263e-02
-1.288030543629907314e-02
-1.224861026036762161e-02
-1.161312481616950248e-02
-1.097727974096576395e-02
-1.034528143026817136e-02
-9.722215837369426600e-03
-9.114142476887659994e-03
-8.528165709733087282e-03
-7.972466321966444058e-03
-7.456272884931797879e-03
-6.989750585202274963e-03
-6.583786624324595819e-03
-6.249657276917820747e-03
-5.998572775402701875e-03
-5.839628163741840752e-03
-5.786646626521553712e-03
