-2.587635587376578423e-28
9.231187673907842336e-13
1.573301296772033757e-11
1.098472355508418657e-10
4.684734176080784986e-10
1.482254728707865614e-09
3.852663998978474382e-09
8.721096153741307322e-09
1.782580731991191492e-08
3.369111672827224210e-08
5.985364499203615369e-08
1.011307606951874522e-07
1.639368211027611967e-07
2.566532052218203442e-07
3.900585327000321349e-07
5.778258228569707265e-07
8.370936540805203882e-07
1.189118610198153124e-06
1.660016417218579324e-06
2.281599144512156103e-06
3.092315624764985471e-06
4.138301783382476934e-06
5.474546796051118207e-06
7.166179835838880157e-06
9.289880536869223835e-06
1.193541408203252622e-05
1.520728889085765242e-05
1.922653109437204481e-05
2.413256517036159969e-05
3.008518409007701483e-05
3.726658489666718349e-05
4.588343659050090831e-05
5.616893633869952945e-05
6.838479718723507585e-05
8.282309552881007158e-05
9.980788957420863605e-05
1.196965011698360870e-04
1.428803329389534123e-04
1.697850716977909486e-04
2.008701086853598313e-04
2.366269892182996481e-04
2.775766915105119651e-04
3.242655299098381365e-04
3.772594857511640787e-04
4.371367939960078006e-04
5.044786605543881419e-04
5.798580578773984478e-04
6.638266478094456908e-04
7.569000108698262187e-04
8.595415161942728888e-04
9.721453372928169374e-04
1.095019290838853462e-03
1.228368328831742082e-03
1.372279625022454919e-03
1.526710240471874317e-03
1.691478310669544509e-03
1.866258556959105768e-03
2.050582690439430467e-03
2.243844964547453674e-03
2.445312774726865392e-03
2.654141841047519875e-03
2.869395185978097351e-03
3.090064872926079082e-03
3.315095327626879727e-03
3.543407033787366722e-03
3.773919469848309709e-03
4.005572315099338761e-03
4.237344172129535978e-03
4.468268297749462305e-03
4.697445077761462813e-03
4.924051200112767104e-03
5.147345661589372914e-03
5.366672878479217604e-03
5.581463261129673489e-03
5.791231660229001661e-03
5.995574105873648432e-03
6.194163247088380932e-03
6.386742867410239929e-03
6.573121808544408855e-03
6.753167584814257808e-03
6.926799920656694955e-03
7.093984394959187111e-03
7.254726331676252839e-03
7.409065037075555568e-03
7.557068450635493449e-03
7.698828249046669146e-03
7.834455420633911968e-03
7.964076310294176259e-03
8.087829122121819106e-03
8.205860857621226356e-03
8.318324661160021033e-03
8.425377540513144178e-03
8.527178428470177582e-03
8.623886551075297252e-03
8.715660068760365531e-03
8.802654958101589419e-03
8.885024103923246791e-03
8.962916573785619304e-03
9.036477049370878270e-03
9.105845391801536959e-03
9.171156320403807405e-03
9.232539186801369188e-03
9.290117828452845034e-03
9.344010487803868295e-03
9.394329785099559890e-03
9.441182734592538928e-03
9.484670795388649642e-03
9.524889949505999792e-03
9.561930800894184040e-03
9.595878690183577350e-03
9.626813820824458440e-03
9.654811393048539150e-03
9.679941742758465043e-03
9.702270483042268329e-03
9.721858646540333312e-03
9.738762827386953855e-03
9.753035321938581872e-03
9.764724268030201132e-03
9.773873783133392099e-03
9.780524102621514226e-03
9.784711720531118900e-03
9.786469536987326898e-03
9.785827019229720661e-03
9.782810388747151947e-03
9.777442654483436968e-03
9.769743621789185248e-03
9.759729923480668645e-03
9.747415064659937720e-03
9.732809475448850681e-03
9.715920567527938992e-03
9.696752791623982834e-03
9.675307693988428534e-03
9.651583970549449873e-03
9.625577517874413236e-03
9.597281480399054779e-03
9.566686293602797916e-03
9.533779722963885844e-03
9.498546898633464589e-03
9.460970345838688386e-03
9.421030011071755000e-03
9.378703284151778882e-03
9.333965016264895304e-03
9.286787534098577337e-03
9.237140650191570310e-03
9.184991669622857152e-03
9.130305393163028194e-03
9.073044117010257981e-03
9.013167629231426392e-03
8.950633203027290666e-03
8.885395586939317386e-03
8.817406992115204081e-03
8.746617076750349065e-03
8.672972927823919403e-03
8.596419040250788055e-03
8.516897293574760691e-03
8.434346926334244238e-03
8.348704508239150612e-03
8.259903910307475963e-03
8.167876273121855990e-03
8.072549973380700739e-03
7.973850588935243663e-03
7.871700862523310291e-03
7.766020664432424225e-03
7.656726954349169986e-03
7.543733742677550917e-03
7.426952051635808162e-03
7.306289876466668005e-03
7.181652147117850195e-03
7.052940690763264027e-03
6.920054195534276406e-03
6.782888175804763914e-03
6.641334939308865537e-03
6.495283556245108267e-03
6.344619830304165826e-03
6.189226271205787791e-03
6.028982067781133575e-03
5.863763059802643875e-03
5.693441705524966180e-03
5.517887040096472982e-03
5.336964617422227525e-03
5.150536424446440498e-03
4.958460751878973616e-03
4.760591998828283752e-03
4.556780380451442777e-03
4.346871497760613524e-03
4.130705718063554938e-03
3.908117305564965706e-03
3.678933239400629645e-03
3.442971669892597088e-03
3.200040007848904602e-03
2.949932737283075031e-03
2.692429213301649870e-03
2.427291970672615026e-03
2.154266408206083686e-03
1.873083036090607062e-03
1.583463552953402482e-03
1.285131468066683406e-03
9.778262819920260831e-04
6.613167479253734445e-04
3.307373951040038776e-04
3.991652697243142721e-33
