-3.857100353419115609e-26
-6.783595327592371459e-11
-7.045471262917269254e-10
-3.332234823633385615e-09
-1.048371070713076858e-08
-2.594550178084185466e-08
-5.493764461397667348e-08
-1.043305457939915855e-07
-1.828968280486390253e-07
-3.015987602841846385e-07
-4.739133561339280694e-07
-7.161980600852558493e-07
-1.048100493954238264e-06
-1.493016160710656942e-06
-2.078598355956329797e-06
-2.837324839304003012e-06
-3.807126069272566262e-06
-5.032079995587921361e-06
-6.563178512698635408e-06
-8.459170680311562212e-06
-1.078748767431505605e-05
-1.362525409788892005e-05
-1.706038969934706769e-05
-2.119280463793364754e-05
-2.613569012299810199e-05
-3.201690441906281434e-05
-3.898045173229094690e-05
-4.718804822387144576e-05
-5.682076516146910547e-05
-6.808073382840412844e-05
-8.119289005148184850e-05
-9.640672786296348919e-05
-1.139980216655125120e-04
-1.342704641339151665e-04
-1.575571528377509012e-04
-1.842218421872401501e-04
-2.146598589452273012e-04
-2.492985596222114294e-04
-2.885971873456963312e-04
-3.330459655089350844e-04
-3.831642474873731170e-04
-4.394975284883904845e-04
-5.026131204482766311e-04
-5.730942978066121737e-04
-6.515327455109796865e-04
-7.385191854286812883e-04
-8.346321276703702347e-04
-9.404247919449817408e-04
-1.056410371151900477e-03
-1.183045961283907700e-03
-1.320715649666083166e-03
-1.469713423283762086e-03
-1.630226710891223519e-03
-1.802321483599097357e-03
-1.985929885140272268e-03
-2.180841325359807008e-03
-2.386697837723941121e-03
-2.602994275620722393e-03
-2.829083619524817763e-03
-3.064187318058642692e-03
-3.307410230387698713e-03
-3.557759417680561326e-03
-3.814165784948240524e-03
-4.075507427198238504e-03
-4.340633495668200920e-03
-4.608387465133604623e-03
-4.877628832955813003e-03
-5.147252487511680061e-03
-5.416205218224811810e-03
-5.683499074273794423e-03
-5.948221492608843537e-03
-6.209542293904673355e-03
-6.466717780531594517e-03
-6.719092262693722103e-03
-6.966097391168044224e-03
-7.207249693872067216e-03
-7.442146706234963049e-03
-7.670462059494761835e-03
-7.891939853297856577e-03
-8.106388594911072623e-03
-8.313674941290689555e-03
-8.513717435307452050e-03
-8.706480385676588704e-03
-8.891968002813494323e-03
-9.070218870505786929e-03
-9.241300806070358934e-03
-9.405306139343287339e-03
-9.562347423029181684e-03
-9.712553573108120494e-03
-9.856066427616275855e-03
-9.993037704637832211e-03
-1.012362633526063364e-02
-1.024799614409321012e-02
-1.036631384830969532e-02
-1.047874734573174017e-02
-1.058546426287848910e-02
-1.068663073497398176e-02
-1.078241039139834351e-02
-1.087296352184770679e-02
-1.095844640040469047e-02
-1.103901074672224147e-02
-1.111480330551814673e-02
-1.118596552751453810e-02
-1.125263333680073460e-02
-1.131493697132559227e-02
-1.137300088482373801e-02
-1.142694369994218771e-02
-1.147687820365924857e-02
-1.152291137727943365e-02
-1.156514445435228612e-02
-1.160367300080735950e-02
-1.163858701243137422e-02
-1.166997102554625382e-02
-1.169790423738891784e-02
-1.172246063325579554e-02
-1.174370911796819919e-02
-1.176171364965123561e-02
-1.177653337421247226e-02
-1.178822275927463546e-02
-1.179683172668207457e-02
-1.180240578309713420e-02
-1.180498614868037005e-02
-1.180460988448816043e-02
-1.180131002129226198e-02
-1.179511564954474102e-02
-1.178605200061119858e-02
-1.177414052848357005e-02
-1.175939899047340892e-02
-1.174184152588951709e-02
-1.172147873195951255e-02
-1.169831773646117824e-02
-1.167236226669559306e-02
-1.164361271456791115e-02
-1.161206619765044884e-02
-1.157771661619200546e-02
-1.154055470611234542e-02
-1.150056808808537154e-02
-1.145774131287254777e-02
-1.141205590312236243e-02
-1.136349039190511986e-02
-1.131202035830727350e-02
-1.125761846046869838e-02
-1.120025446651173179e-02
-1.113989528388547104e-02
-1.107650498773510121e-02
-1.101004484900727082e-02
-1.094047336312197784e-02
-1.086774628018336367e-02
-1.079181663787070165e-02
-1.071263479835237939e-02
-1.063014849080630778e-02
-1.054430286141768564e-02
-1.045504053306863836e-02
-1.036230167734479568e-02
-1.026602410197460270e-02
-1.016614335740333164e-02
-1.006259286690396743e-02
-9.955304085463330746e-03
-9.844206693679788400e-03
-9.729228834099639539e-03
-9.610297398839100919e-03
-9.487338379030464675e-03
-9.360277288644920646e-03
-9.229039677639203076e-03
-9.093551752216915557e-03
-8.953741123366259352e-03
-8.809537708823401980e-03
-8.660874818314939078e-03
-8.507690457464611375e-03
-8.349928892227095542e-03
-8.187542523258256946e-03
-8.020494128365066380e-03
-7.848759541202086909e-03
-7.672330845760025157e-03
-7.491220178922979554e-03
-7.305464247336572459e-03
-7.115129679726801305e-03
-6.920319351049752932e-03
-6.721179829414417224e-03
-6.517910108945772565e-03
-6.310771799062338608e-03
-6.100100939143200500e-03
-5.886321591553412939e-03
-5.669961327334750723e-03
-5.451668646205994756e-03
-5.232232250528038274e-03
-5.012601901631152761e-03
-4.793910301694428305e-03
-4.577495036835887640e-03
-4.364919058366859179e-03
-4.157987446738695657e-03
-3.958757292172842591e-03
-3.769536468996123168e-03
-3.592865968083076150e-03
-3.431479456388673247e-03
-3.288233119347433193e-03
-3.165998940614665746e-03
-3.067515678296154312e-03
-2.995193993425568964e-03
-2.950446062571788694e-03
-2.935530085620529327e-03
