6.065534462221201217e-26
-6.827053969519307115e-11
-7.119992880859947042e-10
-3.384760618879242726e-09
-1.071022553179324142e-08
-2.667078055082836490e-08
-5.684615449406574960e-08
-1.087053714478815902e-07
-1.919533533654424737e-07
-3.189365940944602693e-07
-5.051143045150946552e-07
-7.696028064180492172e-07
-1.135802090302839641e-06
-1.632114491155171519e-06
-2.292766424039143570e-06
-3.158745063553876561e-06
-4.278862730315456171e-06
-5.710962529379824776e-06
-7.523279420296313221e-06
-9.795971320349002178e-06
-1.262283496710708612e-05
-1.611322098780996695e-05
-2.039416181043044655e-05
-2.561272454438605104e-05
-3.193859856408722296e-05
-3.956692401396877395e-05
-4.872136254515965461e-05
-5.965740497175645490e-05
-7.266590183220271600e-05
-8.807679164730726625e-05
-1.062629875327566797e-04
-1.276443652814805187e-04
-1.526917746181309969e-04
-1.819309696349586303e-04
-2.159463241565289123e-04
-2.553841628780705074e-04
-3.009554998554697810e-04
-3.534379330902442419e-04
-4.136763990762452772e-04
-4.825824467541672521e-04
-5.611316500783284939e-04
-6.503587475124263844e-04
-7.513500819996326912e-04
-8.652329246028908454e-04
-9.931613085889057311e-04
-1.136298088167505627e-03
-1.295793076441099706e-03
-1.472757316604762475e-03
-1.668233800053205412e-03
-1.883165257835694864e-03
-2.118360000522778990e-03
-2.374457136935063939e-03
-2.651892824102145343e-03
-2.950869441219390946e-03
-3.271329689808340126e-03
-3.612937558927845939e-03
-3.975067833936257386e-03
-4.356805372050709738e-03
-4.756954750618071041e-03
-5.174060176381037671e-03
-5.606434808171128527e-03
-6.052197979771033881e-03
-6.509318292802471553e-03
-6.975660236302582383e-03
-7.449031902818752104e-03
-7.927231499629153882e-03
-8.408090659556697460e-03
-8.889512982704208394e-03
-9.369506726390799609e-03
-9.846211048284137651e-03
-1.031791565167451859e-02
-1.078307405173458029e-02
-1.124031096245271637e-02
-1.168842449369962046e-02
-1.212638395404224724e-02
-1.255332409067778238e-02
-1.296853657895749752e-02
-1.337145951619888619e-02
-1.376166559209044023e-02
-1.413884951282655053e-02
-1.450281515734515823e-02
-1.485346284828538421e-02
-1.519077703189987243e-02
-1.551481458268649284e-02
-1.582569388109085831e-02
-1.612358475641582911e-02
-1.640869934152436316e-02
-1.668128385009267842e-02
-1.694161125990147759e-02
-1.718997486570887634e-02
-1.742668265141558009e-02
-1.765205242237721794e-02
-1.786640763382133998e-02
-1.807007384949848791e-02
-1.826337576517976166e-02
-1.844663473377722990e-02
-1.862016673219257096e-02
-1.878428071408133615e-02
-1.893927729723202807e-02
-1.908544773895309854e-02
-1.922307315755219376e-02
-1.935242396254699057e-02
-1.947375946057415541e-02
-1.958732760800233064e-02
-1.969336488497301640e-02
-1.979209626897476468e-02
-1.988373528910060417e-02
-1.996848414485590667e-02
-2.004653387579088605e-02
-2.011806457035016441e-02
-2.018324560418607166e-02
-2.024223589979927407e-02
-2.029518420077751004e-02
-2.034222935513003636e-02
-2.038350060329274099e-02
-2.041911786734122367e-02
-2.044919203883750758e-02
-2.047382526360283853e-02
-2.049311122262585660e-02
-2.050713540938794294e-02
-2.051597540527666172e-02
-2.051970115671857692e-02
-2.051837526060523720e-02
-2.051205327157954242e-02
-2.050078382938564509e-02
-2.048460875255203248e-02
-2.046356315013845434e-02
-2.043767554330941719e-02
-2.040696799090115088e-02
-2.037145621478454738e-02
-2.033114972203983045e-02
-2.028605192185520267e-02
-2.023616023572234052e-02
-2.018146619998729616e-02
-2.012195556017191966e-02
-2.005760835674355591e-02
-1.998839900220509419e-02
-1.991429634952335617e-02
-1.983526375202625258e-02
-1.975125911498938278e-02
-1.966223493920972107e-02
-1.956813835693532039e-02
-1.946891116059094179e-02
-1.936448982481641864e-02
-1.925480552242198745e-02
-1.913978413496825529e-02
-1.901934625880367241e-02
-1.889340720754561706e-02
-1.876187701217963202e-02
-1.862466042018425319e-02
-1.848165689537599465e-02
-1.833276062052357006e-02
-1.817786050521734073e-02
-1.801684020201796410e-02
-1.784957813457033540e-02
-1.767594754218237280e-02
-1.749581654636772968e-02
-1.730904824607780793e-02
-1.711550084985297843e-02
-1.691502785496678402e-02
-1.670747828589625936e-02
-1.649269700721746681e-02
-1.627052512941017798e-02
-1.604080053019403540e-02
-1.580335851907449518e-02
-1.555803267894686863e-02
-1.530465592612686131e-02
-1.504306183932673305e-02
-1.477308631920865381e-02
-1.449456965360766160e-02
-1.420735907977011339e-02
-1.391131195450051768e-02
-1.360629966649746711e-02
-1.329221245296084881e-02
-1.296896531532251186e-02
-1.263650526715525899e-02
-1.229482019119989937e-02
-1.194394963185814278e-02
-1.158399790356001192e-02
-1.121514995209434672e-02
-1.083769046142623801e-02
-1.045202674607485782e-02
-1.005871599806079826e-02
-9.658497451205862866e-03
-9.252329959655854891e-03
-8.841435326959315444e-03
-8.427347419237129350e-03
-8.011966589424240892e-03
-7.597618155638753180e-03
-7.187112537241638170e-03
-6.783803091755447566e-03
-6.391635693948376738e-03
-6.015181728669749192e-03
-5.659643663174106568e-03
-5.330820175476442407e-03
-5.035016642559832396e-03
-4.778887510455308123e-03
-4.569200477645705798e-03
-4.412518811886688777e-03
-4.313880312562150612e-03
-4.281000812787305425e-03
