-8.457233262582496250e-28
1.079260875690420639e-03
2.127552948996392322e-03
3.148389332362324863e-03
4.145150803822213008e-03
5.121084490254867658e-03
6.079314619483689765e-03
7.022856222733387353e-03
7.954629196196822197e-03
8.877471824306846365e-03
9.794153438314197324e-03
1.070738610694709977e-02
1.161983535026181284e-02
1.253412990849539152e-02
1.345287061443018600e-02
1.437863842337949553e-02
1.531400165545231118e-02
1.626152250321871370e-02
1.722376285573300886e-02
1.820328948771442884e-02
1.920267866064806483e-02
2.022452018035120896e-02
2.127142095244317910e-02
2.234600807197853131e-02
2.345093147448446685e-02
2.458886616027054078e-02
2.576251397871274010e-02
2.697460491970437441e-02
2.822789779982318864e-02
2.952518014398223395e-02
3.086926694156163012e-02
3.226299779158620790e-02
3.370923173910452680e-02
3.521083884565274352e-02
3.677068724504940767e-02
3.839162415054473559e-02
4.007644907909993504e-02
4.182787758067532669e-02
4.364849421845810179e-02
4.554069473222462083e-02
4.750661956375294703e-02
4.954808448202448895e-02
5.166651884109541709e-02
5.386292725116011842e-02
5.613789425110336795e-02
5.849165085980706502e-02
6.092421321452132915e-02
6.343558530112414218e-02
6.602599349679931506e-02
6.869610054377117692e-02
7.144714444160067679e-02
7.428097121288226856e-02
7.719997090350988467e-02
8.020695992680618169e-02
8.330505905062747518e-02
8.649759583962043918e-02
8.978803398961004989e-02
9.317991847276642370e-02
9.667682624874564257e-02
1.002823182363243582e-01
1.039998924573072858e-01
1.078329398193229177e-01
1.117847041993658280e-01
1.158582482426724902e-01
1.200564259169076969e-01
1.243818624504597348e-01
1.288369418798655797e-01
1.334238020672671443e-01
1.381443367467501127e-01
1.430002039303560901e-01
1.479928398527027567e-01
1.531234775520121105e-01
1.583931691643197248e-01
1.638028110335463527e-01
1.693531707993901902e-01
1.750449157052249294e-01
1.808786414590156932e-01
1.868549010737656502e-01
1.929742332046336661e-01
1.992371895841587859e-01
2.056443612331890491e-01
2.121964031925634986e-01
2.188940575795807475e-01
2.257381748245276265e-01
2.327297329869948972e-01
2.398698550903828886e-01
2.471598244468417027e-01
2.546010979747200254e-01
2.621953175370773659e-01
2.699443193534519780e-01
2.778501415582383949e-01
2.859150299979417165e-01
2.941414423763905051e-01
3.025320508717558310e-01
3.110897433619597696e-01
3.198176234057370504e-01
3.287190091352026333e-01
3.377974312222464248e-01
3.470566300853968333e-01
3.565005525059701807e-01
3.661333478223757765e-01
3.759593638694353479e-01
3.859831428255837138e-01
3.962094171249669339e-01
4.066431055838907183e-01
4.172893098819700497e-01
4.281533115278811086e-01
4.392405694280404616e-01
4.505567181640393604e-01
4.621075670714816508e-01
4.738991001992219343e-01
4.859374772140972465e-01
4.982290353022800211e-01
5.107802921045374589e-01
5.235979497091144408e-01
5.366888997127963190e-01
5.500602293480630900e-01
5.637192286622015880e-01
5.776733987228600542e-01
5.919304608138643564e-01
6.064983665752026187e-01
6.213853090319737538e-01
6.365997344488142362e-01
6.521503549389444654e-01
6.680461617505707439e-01
6.842964391480570452e-01
7.009107788011723628e-01
7.178990945930017187e-01
7.352716377559798122e-01
7.530390122462177205e-01
7.712121902691233544e-01
7.898025278745648414e-01
8.088217805478407074e-01
8.282821187338380575e-01
8.481961432463587247e-01
8.685769005330268300e-01
8.894378977888351967e-01
9.107931179385916343e-01
9.326570345406416385e-01
9.550446267015840762e-01
9.779713941346106498e-01
1.001453372542864928e+00
1.025507149564183873e+00
1.050149881575073829e+00
1.075399311720182105e+00
1.101273789609308107e+00
1.127792293207752650e+00
1.154974453538238244e+00
1.182840582914774119e+00
1.211411707541895533e+00
1.240709605438391705e+00
1.270756850785061065e+00
1.301576865954002127e+00
1.333193982655952237e+00
1.365633513846745029e+00
1.398921838269642448e+00
1.433086499784139711e+00
1.468156323952512166e+00
1.504161554733587813e+00
1.541134014582137501e+00
1.579107291787977818e+00
1.618116959530968124e+00
1.658200831900418892e+00
1.699399263058813503e+00
1.741755496855000640e+00
1.785316075552760839e+00
1.830131317986547490e+00
1.876255879445554164e+00
1.923749407987727089e+00
1.972677314773289892e+00
2.023111679465830370e+00
2.075132315862080024e+00
2.128828027753065566e+00
2.184298090631184852e+00
2.241654001210471758e+00
2.301021543650094703e+00
2.362543228430582065e+00
2.426381166123485311e+00
2.492720442085705645e+00
2.561773056236112733e+00
2.633782478922204184e+00
2.709028839691694390e+00
2.787834693786845452e+00
2.870571172946874139e+00
2.957664074964039713e+00
3.049599001554320843e+00
3.146923888544530978e+00
3.250245984422833967e+00
3.360218219382631766e+00
3.477506546723883929e+00
3.602724742747900777e+00
3.736315998578827458e+00
3.878351964706567845e+00
4.028212712317049693e+00
4.184113778810300666e+00
4.342476716885573573e+00
4.497224551297287043e+00
4.639244810436271571e+00
4.756469137267447245e+00
4.835850208061011735e+00
4.862310564992197826e+00
