5.013986875389231221e-28
5.639645456018992954e-03
1.144320774136064513e-02
1.741543456470864143e-02
2.356121010242434241e-02
2.988555877388116705e-02
3.639364905851650428e-02
4.309079733515366883e-02
4.998247171844402009e-02
5.707429586053937298e-02
6.437205267814360976e-02
7.188168795570448744e-02
7.960931376448404651e-02
8.756121162436708572e-02
9.574383532029678845e-02
1.041638132679203466e-01
1.128279503031295594e-01
1.217432287474347896e-01
1.309168085752649424e-01
1.403560264801034241e-01
1.500683936036485144e-01
1.600615916557714125e-01
1.703434671128608024e-01
1.809220231382229482e-01
1.918054088207360175e-01
2.030019052773276711e-01
2.145199081117173945e-01
2.263679056672517620e-01
2.385544524570236413e-01
2.510881371018303665e-01
2.639775440586130673e-01
2.772312083824000628e-01
2.908575627380230455e-01
3.048648758697359851e-01
3.192611817543907771e-01
3.340541987154866943e-01
3.492512378711082888e-01
3.648591004397124804e-01
3.808839636461094358e-01
3.973312552683506138e-01
4.142055172564594323e-01
4.315102593456987545e-01
4.492478041857615456e-01
4.674191262113371881e-01
4.860236872772673022e-01
5.050592729477386689e-01
5.245218342217377039e-01
5.444053403354580656e-01
5.647016490264774591e-01
5.854004011778274341e-01
6.064889469765434304e-01
6.279523105166762154e-01
6.497731990644221023e-01
6.719320619323164712e-01
6.944072020836606907e-01
7.171749412784881317e-01
7.402098369215084350e-01
7.634849459879077260e-01
7.869721287344986216e-01
8.106423826110880082e-01
8.344661951008223166e-01
8.584139033046036538e-01
8.824560480189361789e-01
9.065637108144354306e-01
9.307088240879489716e-01
9.548644460509345677e-01
9.790049949106683913e-01
1.003106438876863571e+00
1.027146440888306422e+00
1.051104458951197085e+00
1.074961804615611749e+00
1.098701663344080481e+00
1.122309081346654080e+00
1.145770923903415506e+00
1.169075810322760089e+00
1.192214030556641102e+00
1.215177448178507591e+00
1.237959393987289936e+00
1.260554553984615467e+00
1.282958854925662751e+00
1.305169350099747660e+00
1.327184107478654340e+00
1.349002101894615446e+00
1.370623112484924411e+00
1.392047626270535243e+00
1.413276748422056528e+00
1.434312119506041094e+00
1.455155839793443873e+00
1.475810400545646273e+00
1.496278622066125497e+00
1.516563598212227859e+00
1.536668646996300902e+00
1.556597266863781082e+00
1.576353098213235882e+00
1.595939889715929150e+00
1.615361468996771688e+00
1.634621717251642181e+00
1.653724547395544420e+00
1.672673885359924117e+00
1.691473654184017628e+00
1.710127760573087352e+00
1.728640083624761514e+00
1.747014465452676912e+00
1.765254703463660313e+00
1.783364544070348279e+00
1.801347677645184664e+00
1.819207734543971444e+00
1.836948282047500935e+00
1.854572822088228490e+00
1.872084789645461544e+00
1.889487551707169866e+00
1.906784406709252089e+00
1.923978584373915446e+00
1.941073245877615872e+00
1.958071484285528907e+00
1.974976325193303461e+00
1.991790727517050774e+00
2.008517584367715880e+00
2.025159723933730671e+00
2.041719910272121741e+00
2.058200843866369478e+00
2.074605161738083403e+00
2.090935436780433143e+00
2.107194175774092848e+00
2.123383816793430690e+00
2.139506727295784838e+00
2.155565202971560623e+00
2.171561467105970866e+00
2.187497670267513072e+00
2.203375890185403474e+00
2.219198131712856181e+00
2.234966326798455416e+00
2.250682334406206131e+00
2.266347940337958278e+00
2.281964856921077534e+00
2.297534722530513829e+00
2.313059100918431810e+00
2.328539480326985434e+00
2.343977272360875386e+00
2.359373810596436805e+00
2.374730348903251631e+00
2.390048059452854812e+00
2.405328030387043903e+00
2.420571263115686378e+00
2.435778669210698411e+00
2.450951066859082594e+00
2.466089176833474284e+00
2.481193617933524553e+00
2.496264901845532513e+00
2.511303427360955798e+00
2.526309473886611645e+00
2.541283194170435245e+00
2.556224606156332513e+00
2.571133583869827266e+00
2.586009847222516811e+00
2.600852950607611458e+00
2.615662270140624912e+00
2.630436989378271306e+00
2.645176083324281890e+00
2.659878300502715121e+00
2.674542142846707105e+00
2.689165843112833354e+00
2.703747339487484691e+00
2.718284247001010456e+00
2.732773825306808124e+00
2.747212942314956052e+00
2.761598033092236282e+00
2.775925053351309568e+00
2.790189426750341539e+00
2.804385985109768331e+00
2.818508900524874239e+00
2.832551608212226846e+00
2.846506718777070066e+00
2.860365918432537846e+00
2.874119855549008395e+00
2.887758011778344791e+00
2.901268555907684288e+00
2.914638178589253670e+00
2.927851906224506973e+00
2.940892892639237477e+00
2.953742187896259530e+00
2.966378484830358264e+00
2.978777845896950272e+00
2.990913416013957438e+00
3.002755131623966012e+00
3.014269442612890870e+00
3.025419072306037904e+00
3.036162851508081850e+00
3.046455674667717162e+00
3.056248637413090385e+00
3.065489419997169840e+00
3.074122971834674978e+00
3.082092514908432612e+00
3.089340801637046496e+00
3.095811421827812104e+00
3.101449756694364179e+00
3.106202970475810510e+00
3.110018330876466841e+00
3.112839389526096845e+00
3.114611324054183505e+00
3.115201968896878615e+00
