0.000000000000000000e+00
4.660103452930212996e-05
9.456106792074759010e-05
1.439197318676230393e-04
1.947178138192326923e-04
2.469972906855387841e-04
3.008013635247107766e-04
3.561744932422474018e-04
4.131624373311716691e-04
4.718122876836583100e-04
5.321725095053402889e-04
5.942929813644502691e-04
6.582250364088916561e-04
7.240215047852999707e-04
7.917367572951455618e-04
8.614267503239546493e-04
9.331490720807745966e-04
1.006962990186094278e-03
1.082929500647542790e-03
1.161111378263838265e-03
1.241573228498637918e-03
1.324381540867154358e-03
1.409604743879655422e-03
1.497313261587249374e-03
1.587579571776680677e-03
1.680478265862228723e-03
1.776086110524197504e-03
1.874482111144933549e-03
1.975747577094791145e-03
2.079966188921994735e-03
2.187224067501919618e-03
2.297609845202933185e-03
2.411214739127604239e-03
2.528132626489802085e-03
2.648460122189976070e-03
2.772296658652716617e-03
2.899744567992572353e-03
3.030909166576022107e-03
3.165898842049477777e-03
3.304825142905234037e-03
3.447802870659379040e-03
3.594950174717834353e-03
3.746388650008918453e-03
3.902243437463113595e-03
4.062643327423062084e-03
4.227720866069251821e-03
4.397612464949331168e-03
4.572458513701559320e-03
4.752403496065553748e-03
4.937596109276183413e-03
5.128189386939280107e-03
5.324340825490703026e-03
5.526212514343255451e-03
5.733971269828996853e-03
5.947788773047643120e-03
6.167841711734954255e-03
6.394311926268348226e-03
6.627386559930392718e-03
6.867258213554344563e-03
7.114125104679523519e-03
7.368191231348047120e-03
7.629666540678268875e-03
7.898767102354228506e-03
8.175715287174471768e-03
8.460739950807791981e-03
8.754076622907724925e-03
9.055967701742084416e-03
9.366662654498366519e-03
9.686418223430540153e-03
1.001549863801757916e-02
1.035417583330905215e-02
1.070272967463819190e-02
1.106144818888814621e-02
1.143062780250251285e-02
1.181057358643683095e-02
1.220159950825345889e-02
1.260402869156813759e-02
1.301819368306265413e-02
1.344443672728423515e-02
1.388311004945875365e-02
1.433457614655145318e-02
1.479920808681571380e-02
1.527738981807737206e-02
1.576951648500937025e-02
1.627599475565888465e-02
1.679724315749680022e-02
1.733369242326717602e-02
1.788578584692252643e-02
1.845397964993904238e-02
1.903874335831443401e-02
1.964056019055996499e-02
2.025992745700725545e-02
2.089735697075983598e-02
2.155337547062905965e-02
2.222852505640382503e-02
2.292336363681383993e-02
2.363846539055655671e-02
2.437442124076878366e-02
2.513183934333502664e-02
2.591134558943608904e-02
2.671358412275319852e-02
2.753921787175505481e-02
2.838892909750767232e-02
2.926341995745965902e-02
3.016341308566884705e-02
3.108965218994974924e-02
3.204290266643525231e-02
3.302395223206043562e-02
3.403361157549113919e-02
3.507271502703519089e-02
3.614212124808986043e-02
3.724271394069524760e-02
3.837540257778001423e-02
3.954112315470278971e-02
4.074083896271037813e-02
4.197554138495187409e-02
4.324625071570645934e-02
4.455401700350186678e-02
4.589992091882023895e-02
4.728507464710836328e-02
4.871062280783024223e-02
5.017774340032149505e-02
5.168764877722711870e-02
5.324158664632706178e-02
5.484084110157747688e-02
5.648673368421960189e-02
5.818062447483314525e-02
5.992391321723660597e-02
6.171804047516323694e-02
6.356448882266844957e-02
6.546478406925244908e-02
6.742049652071030463e-02
6.943324227675154448e-02
7.150468456646145998e-02
7.363653512270762480e-02
7.583055559662753298e-02
7.808855901336606009e-02
8.041241127026571567e-02
8.280403267874783535e-02
8.526539955115867986e-02
8.779854583389185008e-02
9.040556478813646657e-02
9.308861071964007194e-02
9.584990075891555716e-02
9.869171669336325448e-02
1.016164068528221248e-01
1.046263880501082238e-01
1.077241475781438723e-01
1.109122452653280438e-01
1.141933155908462644e-01
1.175700698616680556e-01
1.210452984530309278e-01
1.246218731142622743e-01
1.283027493418446296e-01
1.320909688216852507e-01
1.359896619426081421e-01
1.400020503831456431e-01
1.441314497737670730e-01
1.483812724367444269e-01
1.527550302059191567e-01
1.572563373287002297e-01
1.618889134526913520e-01
1.666565866994156320e-01
1.715632968276772641e-01
1.766130984891747524e-01
1.818101645790554666e-01
1.871587896841805931e-01
1.926633936319497586e-01
1.983285251426180895e-01
2.041588655881234615e-01
2.101592328605304538e-01
2.163345853532873397e-01
2.226900260585862323e-01
2.292308067842121488e-01
2.359623324933655120e-01
2.428901657710445527e-01
2.500200314206780239e-01
2.573578211948069350e-01
2.649095986637243771e-01
2.726816042260968298e-01
2.806802602657069712e-01
2.889121764585798058e-01
2.973841552348774897e-01
3.061031974000759104e-01
3.150765079200687491e-01
3.243115018749789247e-01
3.338158105865975944e-01
3.435972879245142164e-01
3.536640167961483949e-01
3.640243158260470513e-01
3.746867462299658391e-01
3.856601188894153709e-01
3.969535016325185239e-01
4.085762267271949577e-01
4.205378985928650004e-01
4.328484017370457515e-01
4.455179089233971546e-01
4.585568895779682519e-01
4.719761184405899535e-01
4.859880592202949767e-01
5.000000000000000000e-01
